                                              
   0                  1.00000000000000
   0.00100100100100   0.96836140014158
   0.00200200200200   0.95525626298573
   0.00300300300300   0.94520033756488
   0.00400400400400   0.93672280028317
   0.00500500500501   0.92925394000367
   0.00600600600601   0.92250157417079
   0.00700700700701   0.91629213294435
   0.00800800800801   0.91051252597146
   0.00900900900901   0.90508420042475
   0.01001001001001   0.89994996246872
   0.01101101101101   0.89506663537744
   0.01201201201201   0.89040067512976
   0.01301301301301   0.88592540592659
   0.01401401401401   0.88161919913257
   0.01501501501502   0.87746422965103
   0.01601601601602   0.87344560056633
   0.01701701701702   0.86955071093710
   0.01801801801802   0.86576878895720
   0.01901901901902   0.86209054050204
   0.02002002002002   0.85850788000733
   0.02102102102102   0.85501372126639
   0.02202202202202   0.85160181260534
   0.02302302302302   0.84826660544553
   0.02402402402402   0.84500314834157
   0.02502502502503   0.84180700070792
   0.02602602602603   0.83867416193918
   0.02702702702703   0.83560101269464
   0.02802802802803   0.83258426588869
   0.02902902902903   0.82962092549544
   0.03003003003003   0.82670825169665
   0.03103103103103   0.82384373121847
   0.03203203203203   0.82102505194293
   0.03303303303303   0.81825008106458
   0.03403403403403   0.81551684620531
   0.03503503503504   0.81282351901204
   0.03603603603604   0.81016840084950
   0.03703703703704   0.80754991027012
   0.03803803803804   0.80496657199844
   0.03903903903904   0.80241700721206
   0.04004004004004   0.79989992493745
   0.04104104104104   0.79741411440813
   0.04204204204204   0.79495843825692
   0.04304304304304   0.79253182643344
   0.04404404404404   0.79013327075488
   0.04504504504505   0.78776182001100
   0.04604604604605   0.78541657555616
   0.04704704704705   0.78309668733040
   0.04804804804805   0.78080135025952
   0.04904904904905   0.77852980099108
   0.05005005005005   0.77628131492866
   0.05105105105105   0.77405520353181
   0.05205205205205   0.77185081185318
   0.05305305305305   0.76966751628775
   0.05405405405405   0.76750472251236
   0.05505505505506   0.76536186359619
   0.05605605605606   0.76323839826514
   0.05705705705706   0.76113380930517
   0.05805805805806   0.75904760209108
   0.05905905905906   0.75697930322901
   0.06006006006006   0.75492845930206
   0.06106106106106   0.75289463570966
   0.06206206206206   0.75087741559212
   0.06306306306306   0.74887639883304
   0.06406406406406   0.74689120113267
   0.06506506506507   0.74492145314616
   0.06606606606607   0.74296679968131
   0.06706706706707   0.74102689895075
   0.06806806806807   0.73910142187419
   0.06906906906907   0.73719005142676
   0.07007007007007   0.73529248202956
   0.07107107107107   0.73340841897939
   0.07207207207207   0.73153757791439
   0.07307307307307   0.72967968431309
   0.07407407407407   0.72783447302409
   0.07507507507508   0.72600168782440
   0.07607607607608   0.72418108100408
   0.07707707707708   0.72237241297544
   0.07807807807808   0.72057545190503
   0.07907907907908   0.71878997336674
   0.08008008008008   0.71701576001466
   0.08108108108108   0.71525260127425
   0.08208208208208   0.71350029305062
   0.08308308308308   0.71175863745277
   0.08408408408408   0.71002744253277
   0.08508508508509   0.70830652203883
   0.08608608608609   0.70659569518140
   0.08708708708709   0.70489478641155
   0.08808808808809   0.70320362521067
   0.08908908908909   0.70152204589101
   0.09009009009009   0.69984988740617
   0.09109109109109   0.69818699317112
   0.09209209209209   0.69653321089106
   0.09309309309309   0.69488839239863
   0.09409409409409   0.69325239349900
   0.09509509509510   0.69162507382231
   0.09609609609610   0.69000629668315
   0.09709709709710   0.68839592894653
   0.09809809809810   0.68679384090012
   0.09909909909910   0.68519990613232
   0.10010010010010   0.68361400141583
   0.10110110110110   0.68203600659650
   0.10210210210210   0.68046580448706
   0.10310310310310   0.67890328076559
   0.10410410410410   0.67734832387836
   0.10510510510511   0.67580082494691
   0.10610610610611   0.67426067767906
   0.10710710710711   0.67272777828372
   0.10810810810811   0.67120202538929
   0.10910910910911   0.66968331996536
   0.11011011011011   0.66817156524778
   0.11111111111111   0.66666666666667
   0.11211211211211   0.66516853177738
   0.11311311311311   0.66367707019427
   0.11411411411411   0.66219219352698
   0.11511511511512   0.66071381531940
   0.11611611611612   0.65924185099089
   0.11711711711712   0.65777621777977
   0.11811811811812   0.65631683468910
   0.11911911911912   0.65486362243438
   0.12012012012012   0.65341650339331
   0.12112112112112   0.65197540155742
   0.12212212212212   0.65054024248546
   0.12312312312312   0.64911095325855
   0.12412412412412   0.64768746243694
   0.12512512512513   0.64626970001833
   0.12612612612613   0.64485759739771
   0.12712712712713   0.64345108732864
   0.12812812812813   0.64205010388585
   0.12912912912913   0.64065458242920
   0.13013013013013   0.63926445956888
   0.13113113113113   0.63787967313180
   0.13213213213213   0.63650016212915
   0.13313313313313   0.63512586672507
   0.13413413413413   0.63375672820633
   0.13513513513514   0.63239268895310
   0.13613613613614   0.63103369241063
   0.13713713713714   0.62967968306190
   0.13813813813814   0.62833060640115
   0.13913913913914   0.62698640890828
   0.14014014014014   0.62564703802409
   0.14114114114114   0.62431244212625
   0.14214214214214   0.62298257050616
   0.14314314314314   0.62165737334640
   0.14414414414414   0.62033680169900
   0.14514514514515   0.61902080746431
   0.14614614614615   0.61770934337059
   0.14714714714715   0.61640236295417
   0.14814814814815   0.61509982054025
   0.14914914914915   0.61380167122429
   0.15015015015015   0.61250787085394
   0.15115115115115   0.61121837601148
   0.15215215215215   0.60993314399689
   0.15315315315315   0.60865213281129
   0.15415415415415   0.60737530114096
   0.15515515515516   0.60610260834177
   0.15615615615616   0.60483401442412
   0.15715715715716   0.60356948003823
   0.15815815815816   0.60230896645994
   0.15915915915916   0.60105243557686
   0.16016016016016   0.59979984987489
   0.16116116116116   0.59855117242523
   0.16216216216216   0.59730636687159
   0.16316316316316   0.59606539741789
   0.16416416416416   0.59482822881627
   0.16516516516517   0.59359482635532
   0.16616616616617   0.59236515584881
   0.16716716716717   0.59113918362459
   0.16816816816817   0.58991687651384
   0.16916916916917   0.58869820184058
   0.17017017017017   0.58748312741153
   0.17117117117117   0.58627162150612
   0.17217217217217   0.58506365286689
   0.17317317317317   0.58385919069001
   0.17417417417417   0.58265820461620
   0.17517517517518   0.58146066472173
   0.17617617617618   0.58026654150976
   0.17717717717718   0.57907580590185
   0.17817817817818   0.57788842922969
   0.17917917917918   0.57670438322707
   0.18018018018018   0.57552364002199
   0.18118118118118   0.57434617212906
   0.18218218218218   0.57317195244199
   0.18318318318318   0.57200095422632
   0.18418418418418   0.57083315111232
   0.18518518518519   0.56966851708806
   0.18618618618619   0.56850702649268
   0.18718718718719   0.56734865400974
   0.18818818818819   0.56619337466080
   0.18918918918919   0.56504116379916
   0.19019019019019   0.56389199710371
   0.19119119119119   0.56274585057293
   0.19219219219219   0.56160270051905
   0.19319319319319   0.56046252356233
   0.19419419419419   0.55932529662551
   0.19519519519520   0.55819099692832
   0.19619619619620   0.55705960198217
   0.19719719719720   0.55593108958496
   0.19819819819820   0.55480543781601
   0.19919919919920   0.55368262503102
   0.20020020020020   0.55256262985732
   0.20120120120120   0.55144543118902
   0.20220220220220   0.55033100818246
   0.20320320320320   0.54921934025160
   0.20420420420420   0.54811040706362
   0.20520520520521   0.54700418853459
   0.20620620620621   0.54590066482519
   0.20720720720721   0.54479981633658
   0.20820820820821   0.54370162370636
   0.20920920920921   0.54260606780456
   0.21021021021021   0.54151312972975
   0.21121121121121   0.54042279080528
   0.21221221221221   0.53933503257550
   0.21321321321321   0.53824983680218
   0.21421421421421   0.53716718546087
   0.21521521521522   0.53608706073745
   0.21621621621622   0.53500944502472
   0.21721721721722   0.53393432091902
   0.21821821821822   0.53286167121695
   0.21921921921922   0.53179147891221
   0.22022022022022   0.53072372719237
   0.22122122122122   0.52965839943588
   0.22222222222222   0.52859547920897
   0.22322322322322   0.52753495026275
   0.22422422422422   0.52647679653028
   0.22522522522523   0.52542100212375
   0.22622622622623   0.52436755133168
   0.22722722722723   0.52331642861619
   0.22822822822823   0.52226761861035
   0.22922922922923   0.52122110611554
   0.23023023023023   0.52017687609888
   0.23123123123123   0.51913491369072
   0.23223223223223   0.51809520418216
   0.23323323323323   0.51705773302264
   0.23423423423423   0.51602248581754
   0.23523523523524   0.51498944832588
   0.23623623623624   0.51395860645801
   0.23723723723724   0.51292994627340
   0.23823823823824   0.51190345397838
   0.23923923923924   0.51087911592405
   0.24024024024024   0.50985691860413
   0.24124124124124   0.50883684865287
   0.24224224224224   0.50781889284305
   0.24324324324324   0.50680303808393
   0.24424424424424   0.50578927141932
   0.24524524524525   0.50477758002566
   0.24624624624625   0.50376795121008
   0.24724724724725   0.50276037240859
   0.24824824824825   0.50175483118424
   0.24924924924925   0.50075131522532
   0.25025025025025   0.49974981234361
   0.25125125125125   0.49875031047266
   0.25225225225225   0.49775279766608
   0.25325325325325   0.49675726209586
   0.25425425425425   0.49576369205079
   0.25525525525526   0.49477207593478
   0.25625625625626   0.49378240226533
   0.25725725725726   0.49279465967199
   0.25825825825826   0.49180883689476
   0.25925925925926   0.49082492278268
   0.26026026026026   0.48984290629233
   0.26126126126126   0.48886277648633
   0.26226226226226   0.48788452253201
   0.26326326326326   0.48690813369996
   0.26426426426426   0.48593359936263
   0.26526526526527   0.48496090899305
   0.26626626626627   0.48399005216346
   0.26726726726727   0.48302101854402
   0.26826826826827   0.48205379790149
   0.26926926926927   0.48108838009805
   0.27027027027027   0.48012475508996
   0.27127127127127   0.47916291292644
   0.27227227227227   0.47820284374839
   0.27327327327327   0.47724453778724
   0.27427427427427   0.47628798536383
   0.27527527527528   0.47533317688720
   0.27627627627628   0.47438010285352
   0.27727727727728   0.47342875384495
   0.27827827827828   0.47247912052860
   0.27927927927928   0.47153119365541
   0.28028028028028   0.47058496405912
   0.28128128128128   0.46964042265527
   0.28228228228228   0.46869756044012
   0.28328328328328   0.46775636848969
   0.28428428428428   0.46681683795877
   0.28528528528529   0.46587896007994
   0.28628628628629   0.46494272616262
   0.28728728728729   0.46400812759214
   0.28828828828829   0.46307515582878
   0.28928928928929   0.46214380240692
   0.29029029029029   0.46121405893408
   0.29129129129129   0.46028591709008
   0.29229229229229   0.45935936862617
   0.29329329329329   0.45843440536414
   0.29429429429429   0.45751101919551
   0.29529529529530   0.45658920208070
   0.29629629629630   0.45566894604818
   0.29729729729730   0.45475024319373
   0.29829829829830   0.45383308567957
   0.29929929929930   0.45291746573364
   0.30030030030030   0.45200337564881
   0.30130130130130   0.45109080778211
   0.30230230230230   0.45017975455400
   0.30330330330330   0.44927020844764
   0.30430430430430   0.44836216200817
   0.30530530530531   0.44745560784195
   0.30630630630631   0.44655053861594
   0.30730730730731   0.44564694705693
   0.30830830830831   0.44474482595089
   0.30930930930931   0.44384416814232
   0.31031031031031   0.44294496653355
   0.31131131131131   0.44204721408410
   0.31231231231231   0.44115090381006
   0.31331331331331   0.44025602878341
   0.31431431431431   0.43936258213145
   0.31531531531532   0.43847055703613
   0.31631631631632   0.43757994673348
   0.31731731731732   0.43669074451300
   0.31831831831832   0.43580294371707
   0.31931931931932   0.43491653774038
   0.32032032032032   0.43403152002932
   0.32132132132132   0.43314788408146
   0.32232232232232   0.43226562344498
   0.32332332332332   0.43138473171808
   0.32432432432432   0.43050520254850
   0.32532532532533   0.42962702963296
   0.32632632632633   0.42875020671660
   0.32732732732733   0.42787472759253
   0.32832832832833   0.42700058610123
   0.32932932932933   0.42612777613015
   0.33033033033033   0.42525629161310
   0.33133133133133   0.42438612652983
   0.33233233233233   0.42351727490554
   0.33333333333333   0.42264973081037
   0.33433433433433   0.42178348835896
   0.33533533533534   0.42091854170995
   0.33633633633634   0.42005488506555
   0.33733733733734   0.41919251267108
   0.33833833833834   0.41833141881451
   0.33933933933934   0.41747159782605
   0.34034034034034   0.41661304407765
   0.34134134134134   0.41575575198266
   0.34234234234234   0.41489971599533
   0.34334334334334   0.41404493061042
   0.34434434434434   0.41319139036280
   0.34534534534535   0.41233908982701
   0.34634634634635   0.41148802361690
   0.34734734734735   0.41063818638518
   0.34834834834835   0.40978957282309
   0.34934934934935   0.40894217765996
   0.35035035035035   0.40809599566285
   0.35135135135135   0.40725102163618
   0.35235235235235   0.40640725042134
   0.35335335335335   0.40556467689634
   0.35435435435435   0.40472329597543
   0.35535535535536   0.40388310260876
   0.35635635635636   0.40304409178202
   0.35735735735736   0.40220625851607
   0.35835835835836   0.40136959786663
   0.35935935935936   0.40053410492393
   0.36036036036036   0.39969977481234
   0.36136136136136   0.39886660269008
   0.36236236236236   0.39803458374890
   0.36336336336336   0.39720371321369
   0.36436436436436   0.39637398634223
   0.36536536536537   0.39554539842486
   0.36636636636637   0.39471794478411
   0.36736736736737   0.39389162077450
   0.36836836836837   0.39306642178211
   0.36936936936937   0.39224234322440
   0.37037037037037   0.39141938054982
   0.37137137137137   0.39059752923756
   0.37237237237237   0.38977678479726
   0.37337337337337   0.38895714276871
   0.37437437437437   0.38813859872159
   0.37537537537538   0.38732114825516
   0.37637637637638   0.38650478699799
   0.37737737737738   0.38568951060772
   0.37837837837838   0.38487531477075
   0.37937937937938   0.38406219520200
   0.38038038038038   0.38325014764462
   0.38138138138138   0.38243916786977
   0.38238238238238   0.38162925167632
   0.38338338338338   0.38082039489064
   0.38438438438438   0.38001259336630
   0.38538538538539   0.37920584298386
   0.38638638638639   0.37840013965061
   0.38738738738739   0.37759547930033
   0.38838838838839   0.37679185789306
   0.38938938938939   0.37598927141483
   0.39039039039039   0.37518771587749
   0.39139139139139   0.37438718731839
   0.39239239239239   0.37358768180024
   0.39339339339339   0.37278919541083
   0.39439439439439   0.37199172426281
   0.39539539539540   0.37119526449350
   0.39639639639640   0.37039981226464
   0.39739739739740   0.36960536376219
   0.39839839839840   0.36881191519611
   0.39939939939940   0.36801946280016
   0.40040040040040   0.36722800283167
   0.40140140140140   0.36643753157135
   0.40240240240240   0.36564804532310
   0.40340340340340   0.36485954041377
   0.40440440440440   0.36407201319300
   0.40540540540541   0.36328546003299
   0.40640640640641   0.36249987732832
   0.40740740740741   0.36171526149577
   0.40840840840841   0.36093160897412
   0.40940940940941   0.36014891622393
   0.41041041041041   0.35936717972741
   0.41141141141141   0.35858639598820
   0.41241241241241   0.35780656153118
   0.41341341341341   0.35702767290231
   0.41441441441441   0.35624972666847
   0.41541541541542   0.35547271941723
   0.41641641641642   0.35469664775672
   0.41741741741742   0.35392150831542
   0.41841841841842   0.35314729774205
   0.41941941941942   0.35237401270531
   0.42042042042042   0.35160164989382
   0.42142142142142   0.35083020601585
   0.42242242242242   0.35005967779924
   0.42342342342342   0.34929006199119
   0.42442442442442   0.34852135535812
   0.42542542542543   0.34775355468548
   0.42642642642643   0.34698665677765
   0.42742742742743   0.34622065845774
   0.42842842842843   0.34545555656745
   0.42942942942943   0.34469134796691
   0.43043043043043   0.34392802953454
   0.43143143143143   0.34316559816691
   0.43243243243243   0.34240405077857
   0.43343343343343   0.34164338430192
   0.43443443443443   0.34088359568705
   0.43543543543544   0.34012468190162
   0.43643643643644   0.33936663993071
   0.43743743743744   0.33860946677667
   0.43843843843844   0.33785315945899
   0.43943943943944   0.33709771501417
   0.44044044044044   0.33634313049555
   0.44144144144144   0.33558940297325
   0.44244244244244   0.33483652953395
   0.44344344344344   0.33408450728081
   0.44444444444444   0.33333333333333
   0.44544544544545   0.33258300482723
   0.44644644644645   0.33183351891430
   0.44744744744745   0.33108487276229
   0.44844844844845   0.33033706355477
   0.44944944944945   0.32959008849104
   0.45045045045045   0.32884394478598
   0.45145145145145   0.32809862966991
   0.45245245245245   0.32735414038853
   0.45345345345345   0.32661047420274
   0.45445445445445   0.32586762838857
   0.45545545545546   0.32512560023701
   0.45645645645646   0.32438438705396
   0.45745745745746   0.32364398616006
   0.45845845845846   0.32290439489060
   0.45945945945946   0.32216561059544
   0.46046046046046   0.32142763063881
   0.46146146146146   0.32069045239930
   0.46246246246246   0.31995407326971
   0.46346346346346   0.31921849065690
   0.46446446446446   0.31848370198178
   0.46546546546547   0.31774970467909
   0.46646646646647   0.31701649619741
   0.46746746746747   0.31628407399895
   0.46846846846847   0.31555243555955
   0.46946946946947   0.31482157836847
   0.47047047047047   0.31409149992840
   0.47147147147147   0.31336219775527
   0.47247247247247   0.31263366937820
   0.47347347347347   0.31190591233940
   0.47447447447447   0.31117892419404
   0.47547547547548   0.31045270251021
   0.47647647647648   0.30972724486876
   0.47747747747748   0.30900254886326
   0.47847847847848   0.30827861209987
   0.47947947947948   0.30755543219729
   0.48048048048048   0.30683300678662
   0.48148148148148   0.30611133351129
   0.48248248248248   0.30539041002698
   0.48348348348348   0.30467023400153
   0.48448448448448   0.30395080311483
   0.48548548548549   0.30323211505876
   0.48648648648649   0.30251416753708
   0.48748748748749   0.30179695826537
   0.48848848848849   0.30108048497092
   0.48948948948949   0.30036474539265
   0.49049049049049   0.29964973728106
   0.49149149149149   0.29893545839809
   0.49249249249249   0.29822190651710
   0.49349349349349   0.29750907942273
   0.49449449449449   0.29679697491088
   0.49549549549550   0.29608559078856
   0.49649649649650   0.29537492487388
   0.49749749749750   0.29466497499593
   0.49849849849850   0.29395573899472
   0.49949949949950   0.29324721472109
   0.50050050050050   0.29253940003665
   0.50150150150150   0.29183229281370
   0.50250250250250   0.29112589093514
   0.50350350350350   0.29042019229441
   0.50450450450450   0.28971519479542
   0.50550550550551   0.28901089635248
   0.50650650650651   0.28830729489020
   0.50750750750751   0.28760438834345
   0.50850850850851   0.28690217465729
   0.50950950950951   0.28620065178686
   0.51051051051051   0.28549981769736
   0.51151151151151   0.28479967036395
   0.51251251251251   0.28410020777171
   0.51351351351351   0.28340142791552
   0.51451451451451   0.28270332880006
   0.51551551551552   0.28200590843969
   0.51651651651652   0.28130916485841
   0.51751751751752   0.28061309608979
   0.51851851851852   0.27991770017690
   0.51951951951952   0.27922297517227
   0.52052052052052   0.27852891913777
   0.52152152152152   0.27783553014461
   0.52252252252252   0.27714280627324
   0.52352352352352   0.27645074561332
   0.52452452452452   0.27575934626360
   0.52552552552553   0.27506860633193
   0.52652652652653   0.27437852393515
   0.52752752752753   0.27368909719905
   0.52852852852853   0.27300032425831
   0.52952952952953   0.27231220325642
   0.53053053053053   0.27162473234566
   0.53153153153153   0.27093790968702
   0.53253253253253   0.27025173345014
   0.53353353353353   0.26956620181324
   0.53453453453453   0.26888131296312
   0.53553553553554   0.26819706509502
   0.53653653653654   0.26751345641265
   0.53753753753754   0.26683048512807
   0.53853853853854   0.26614814946167
   0.53953953953954   0.26546644764208
   0.54054054054054   0.26478537790619
   0.54154154154154   0.26410493849901
   0.54254254254254   0.26342512767367
   0.54354354354354   0.26274594369136
   0.54454454454454   0.26206738482125
   0.54554554554555   0.26138944934049
   0.54654654654655   0.26071213553410
   0.54754754754755   0.26003544169498
   0.54854854854855   0.25935936612379
   0.54954954954955   0.25868390712898
   0.55055055055055   0.25800906302668
   0.55155155155155   0.25733483214065
   0.55255255255255   0.25666121280230
   0.55355355355355   0.25598820335054
   0.55455455455455   0.25531580213183
   0.55555555555556   0.25464400750007
   0.55655655655656   0.25397281781656
   0.55755755755756   0.25330223144999
   0.55855855855856   0.25263224677636
   0.55955955955956   0.25196286217892
   0.56056056056056   0.25129407604817
   0.56156156156156   0.25062588678180
   0.56256256256256   0.24995829278462
   0.56356356356356   0.24929129246853
   0.56456456456456   0.24862488425250
   0.56556556556557   0.24795906656249
   0.56656656656657   0.24729383783141
   0.56756756756757   0.24662919649912
   0.56856856856857   0.24596514101232
   0.56956956956957   0.24530166982458
   0.57057057057057   0.24463878139623
   0.57157157157157   0.24397647419437
   0.57257257257257   0.24331474669281
   0.57357357357357   0.24265359737200
   0.57457457457457   0.24199302471905
   0.57557557557558   0.24133302722764
   0.57657657657658   0.24067360339800
   0.57757757757758   0.24001475173687
   0.57857857857858   0.23935647075744
   0.57957957957958   0.23869875897935
   0.58058058058058   0.23804161492862
   0.58158158158158   0.23738503713763
   0.58258258258258   0.23672902414504
   0.58358358358358   0.23607357449583
   0.58458458458458   0.23541868674118
   0.58558558558559   0.23476435943849
   0.58658658658659   0.23411059115132
   0.58758758758759   0.23345738044934
   0.58858858858859   0.23280472590833
   0.58958958958959   0.23215262611012
   0.59059059059059   0.23150107964253
   0.59159159159159   0.23085008509941
   0.59259259259259   0.23019964108050
   0.59359359359359   0.22954974619149
   0.59459459459459   0.22890039904394
   0.59559559559560   0.22825159825524
   0.59659659659660   0.22760334244859
   0.59759759759760   0.22695563025296
   0.59859859859860   0.22630846030307
   0.59959959959960   0.22566183123935
   0.60060060060060   0.22501574170787
   0.60160160160160   0.22437019036037
   0.60260260260260   0.22372517585419
   0.60360360360360   0.22308069685224
   0.60460460460460   0.22243675202296
   0.60560560560561   0.22179334004032
   0.60660660660661   0.22115045958375
   0.60760760760761   0.22050810933814
   0.60860860860861   0.21986628799378
   0.60960960960961   0.21922499424635
   0.61061061061061   0.21858422679689
   0.61161161161161   0.21794398435175
   0.61261261261261   0.21730426562258
   0.61361361361361   0.21666506932627
   0.61461461461461   0.21602639418497
   0.61561561561562   0.21538823892602
   0.61661661661662   0.21475060228191
   0.61761761761762   0.21411348299031
   0.61861861861862   0.21347687979398
   0.61961961961962   0.21284079144075
   0.62062062062062   0.21220521668354
   0.62162162162162   0.21157015428028
   0.62262262262262   0.21093560299389
   0.62362362362362   0.21030156159226
   0.62462462462462   0.20966802884824
   0.62562562562563   0.20903500353958
   0.62662662662663   0.20840248444893
   0.62762762762763   0.20777047036378
   0.62862862862863   0.20713896007647
   0.62962962962963   0.20650795238413
   0.63063063063063   0.20587744608868
   0.63163163163163   0.20524743999681
   0.63263263263263   0.20461793291989
   0.63363363363363   0.20398892367403
   0.63463463463463   0.20336041107999
   0.63563563563564   0.20273239396321
   0.63663663663664   0.20210487115371
   0.63763763763764   0.20147784148614
   0.63863863863864   0.20085130379970
   0.63963963963964   0.20022525693816
   0.64064064064064   0.19959969974978
   0.64164164164164   0.19897463108735
   0.64264264264264   0.19835004980812
   0.64364364364364   0.19772595477378
   0.64464464464464   0.19710234485045
   0.64564564564565   0.19647921890865
   0.64664664664665   0.19585657582329
   0.64764764764765   0.19523441447360
   0.64864864864865   0.19461273374317
   0.64964964964965   0.19399153251988
   0.65065065065065   0.19337080969590
   0.65165165165165   0.19275056416765
   0.65265265265265   0.19213079483579
   0.65365365365365   0.19151150060520
   0.65465465465465   0.19089268038495
   0.65565565565566   0.19027433308826
   0.65665665665666   0.18965645763253
   0.65765765765766   0.18903905293926
   0.65865865865866   0.18842211793405
   0.65965965965966   0.18780565154659
   0.66066066066066   0.18718965271063
   0.66166166166166   0.18657412036396
   0.66266266266266   0.18595905344838
   0.66366366366366   0.18534445090967
   0.66466466466466   0.18473031169762
   0.66566566566567   0.18411663476593
   0.66666666666667   0.18350341907227
   0.66766766766767   0.18289066357820
   0.66866866866867   0.18227836724918
   0.66966966966967   0.18166652905452
   0.67067067067067   0.18105514796742
   0.67167167167167   0.18044422296486
   0.67267267267267   0.17983375302767
   0.67367367367367   0.17922373714046
   0.67467467467467   0.17861417429160
   0.67567567567568   0.17800506347321
   0.67667667667668   0.17739640368117
   0.67767767767768   0.17678819391503
   0.67867867867868   0.17618043317807
   0.67967967967968   0.17557312047721
   0.68068068068068   0.17496625482306
   0.68168168168168   0.17435983522985
   0.68268268268268   0.17375386071541
   0.68368368368368   0.17314833030121
   0.68468468468468   0.17254324301225
   0.68568568568569   0.17193859787713
   0.68668668668669   0.17133439392799
   0.68768768768769   0.17073063020048
   0.68868868868869   0.17012730573377
   0.68968968968969   0.16952441957052
   0.69069069069069   0.16892197075684
   0.69169169169169   0.16831995834234
   0.69269269269269   0.16771838138002
   0.69369369369369   0.16711723892633
   0.69469469469469   0.16651653004112
   0.69569569569570   0.16591625378761
   0.69669669669670   0.16531640923240
   0.69769769769770   0.16471699544544
   0.69869869869870   0.16411801150001
   0.69969969969970   0.16351945647272
   0.70070070070070   0.16292132944346
   0.70170170170170   0.16232362949543
   0.70270270270270   0.16172635571509
   0.70370370370370   0.16112950719214
   0.70470470470470   0.16053308301952
   0.70570570570571   0.15993708229341
   0.70670670670671   0.15934150411317
   0.70770770770771   0.15874634758136
   0.70870870870871   0.15815161180370
   0.70970970970971   0.15755729588909
   0.71071071071071   0.15696339894954
   0.71171171171171   0.15636992010022
   0.71271271271271   0.15577685845938
   0.71371371371371   0.15518421314838
   0.71471471471471   0.15459198329167
   0.71571571571572   0.15400016801673
   0.71671671671672   0.15340876645413
   0.71771771771772   0.15281777773745
   0.71871871871872   0.15222720100329
   0.71971971971972   0.15163703539127
   0.72072072072072   0.15104728004398
   0.72172172172172   0.15045793410701
   0.72272272272272   0.14986899672890
   0.72372372372372   0.14928046706113
   0.72472472472472   0.14869234425813
   0.72572572572573   0.14810462747722
   0.72672672672673   0.14751731587866
   0.72772772772773   0.14693040862558
   0.72872872872873   0.14634390488398
   0.72972972972973   0.14575780382275
   0.73073073073073   0.14517210461361
   0.73173173173173   0.14458680643111
   0.73273273273273   0.14400190845263
   0.73373373373373   0.14341740985838
   0.73473473473473   0.14283330983132
   0.73573573573574   0.14224960755722
   0.73673673673674   0.14166630222463
   0.73773773773774   0.14108339302483
   0.73873873873874   0.14050087915185
   0.73973973973974   0.13991875980246
   0.74074074074074   0.13933703417613
   0.74174174174174   0.13875570147505
   0.74274274274274   0.13817476090408
   0.74374374374374   0.13759421167078
   0.74474474474474   0.13701405298537
   0.74574574574575   0.13643428406071
   0.74674674674675   0.13585490411231
   0.74774774774775   0.13527591235831
   0.74874874874875   0.13469730801947
   0.74974974974975   0.13411909031914
   0.75075075075075   0.13354125848327
   0.75175175175175   0.13296381174039
   0.75275275275275   0.13238674932159
   0.75375375375375   0.13181007046053
   0.75475475475475   0.13123377439339
   0.75575575575576   0.13065786035891
   0.75675675675676   0.13008232759832
   0.75775775775776   0.12950717535539
   0.75875875875876   0.12893240287636
   0.75975975975976   0.12835800940996
   0.76076076076076   0.12778399420742
   0.76176176176176   0.12721035652240
   0.76276276276276   0.12663709561102
   0.76376376376376   0.12606421073184
   0.76476476476476   0.12549170114586
   0.76576576576577   0.12491956611648
   0.76676676676677   0.12434780490953
   0.76776776776777   0.12377641679320
   0.76876876876877   0.12320540103809
   0.76976976976977   0.12263475691718
   0.77077077077077   0.12206448370580
   0.77177177177177   0.12149458068161
   0.77277277277277   0.12092504712466
   0.77377377377377   0.12035588231730
   0.77477477477477   0.11978708554420
   0.77577577577578   0.11921865609234
   0.77677677677678   0.11865059325102
   0.77777777777778   0.11808289631180
   0.77877877877878   0.11751556456854
   0.77977977977978   0.11694859731736
   0.78078078078078   0.11638199385663
   0.78178178178178   0.11581575348699
   0.78278278278278   0.11524987551129
   0.78378378378378   0.11468435923464
   0.78478478478478   0.11411920396433
   0.78578578578579   0.11355440900990
   0.78678678678679   0.11298997368306
   0.78778778778779   0.11242589729770
   0.78878878878879   0.11186217916993
   0.78978978978979   0.11129881861798
   0.79079079079079   0.11073581496229
   0.79179179179179   0.11017316752539
   0.79279279279279   0.10961087563201
   0.79379379379379   0.10904893860898
   0.79479479479479   0.10848735578524
   0.79579579579580   0.10792612649187
   0.79679679679680   0.10736525006204
   0.79779779779780   0.10680472583102
   0.79879879879880   0.10624455313615
   0.79979979979980   0.10568473131686
   0.80080080080080   0.10512525971463
   0.80180180180180   0.10456613767303
   0.80280280280280   0.10400736453763
   0.80380380380380   0.10344893965608
   0.80480480480480   0.10289086237805
   0.80580580580581   0.10233313205521
   0.80680680680681   0.10177574804128
   0.80780780780781   0.10121870969195
   0.80880880880881   0.10066201636492
   0.80980980980981   0.10010566741989
   0.81081081081081   0.09954966221850
   0.81181181181181   0.09899400012441
   0.81281281281281   0.09843868050320
   0.81381381381381   0.09788370272242
   0.81481481481481   0.09732906615156
   0.81581581581582   0.09677477016205
   0.81681681681682   0.09622081412725
   0.81781781781782   0.09566719742242
   0.81881881881882   0.09511391942476
   0.81981981981982   0.09456097951335
   0.82082082082082   0.09400837706918
   0.82182182182182   0.09345611147511
   0.82282282282282   0.09290418211590
   0.82382382382382   0.09235258837816
   0.82482482482482   0.09180132965038
   0.82582582582583   0.09125040532288
   0.82682682682683   0.09069981478786
   0.82782782782783   0.09014955743934
   0.82882882882883   0.08959963267317
   0.82982982982983   0.08905003988703
   0.83083083083083   0.08850077848040
   0.83183183183183   0.08795184785460
   0.83283283283283   0.08740324741273
   0.83383383383383   0.08685497655967
   0.83483483483483   0.08630703470212
   0.83583583583584   0.08575942124852
   0.83683683683684   0.08521213560911
   0.83783783783784   0.08466517719589
   0.83883883883884   0.08411854542259
   0.83983983983984   0.08357223970471
   0.84084084084084   0.08302625945950
   0.84184184184184   0.08248060410592
   0.84284284284284   0.08193527306467
   0.84384384384384   0.08139026575817
   0.84484484484484   0.08084558161055
   0.84584584584585   0.08030122004765
   0.84684684684685   0.07975718049699
   0.84784784784785   0.07921346238781
   0.84884884884885   0.07867006515101
   0.84984984984985   0.07812698821917
   0.85085085085085   0.07758423102657
   0.85185185185185   0.07704179300910
   0.85285285285285   0.07649967360436
   0.85385385385385   0.07595787225157
   0.85485485485485   0.07541638839159
   0.85585585585586   0.07487522146693
   0.85685685685686   0.07433437092174
   0.85785785785786   0.07379383620176
   0.85885885885886   0.07325361675437
   0.85985985985986   0.07271371202856
   0.86086086086086   0.07217412147491
   0.86186186186186   0.07163484454561
   0.86286286286286   0.07109588069443
   0.86386386386386   0.07055722937673
   0.86486486486486   0.07001889004945
   0.86586586586587   0.06948086217109
   0.86686686686687   0.06894314520172
   0.86786786786787   0.06840573860298
   0.86886886886887   0.06786864183804
   0.86986986986987   0.06733185437163
   0.87087087087087   0.06679537567001
   0.87187187187187   0.06625920520100
   0.87287287287287   0.06572334243391
   0.87387387387387   0.06518778683958
   0.87487487487487   0.06465253789040
   0.87587587587588   0.06411759506021
   0.87687687687688   0.06358295782441
   0.87787787787788   0.06304862565986
   0.87887887887888   0.06251459804492
   0.87987987987988   0.06198087445944
   0.88088088088088   0.06144745438474
   0.88188188188188   0.06091433730363
   0.88288288288288   0.06038152270037
   0.88388388388388   0.05984901006068
   0.88488488488488   0.05931679887175
   0.88588588588589   0.05878488862222
   0.88688688688689   0.05825327880216
   0.88788788788789   0.05772196890308
   0.88888888888889   0.05719095841794
   0.88988988988989   0.05666024684110
   0.89089089089089   0.05612983366837
   0.89189189189189   0.05559971839696
   0.89289289289289   0.05506990052550
   0.89389389389389   0.05454037955400
   0.89489489489489   0.05401115498390
   0.89589589589590   0.05348222631802
   0.89689689689690   0.05295359306056
   0.89789789789790   0.05242525471713
   0.89889889889890   0.05189721079468
   0.89989989989990   0.05136946080157
   0.90090090090090   0.05084200424750
   0.90190190190190   0.05031484064354
   0.90290290290290   0.04978796950212
   0.90390390390390   0.04926139033702
   0.90490490490490   0.04873510266335
   0.90590590590591   0.04820910599759
   0.90690690690691   0.04768339985753
   0.90790790790791   0.04715798376231
   0.90890890890891   0.04663285723237
   0.90990990990991   0.04610801978950
   0.91091091091091   0.04558347095678
   0.91191191191191   0.04505921025861
   0.91291291291291   0.04453523722070
   0.91391391391391   0.04401155137004
   0.91491491491491   0.04348815223495
   0.91591591591592   0.04296503934500
   0.91691691691692   0.04244221223108
   0.91791791791792   0.04191967042532
   0.91891891891892   0.04139741346118
   0.91991991991992   0.04087544087333
   0.92092092092092   0.04035375219776
   0.92192192192192   0.03983234697168
   0.92292292292292   0.03931122473356
   0.92392392392392   0.03879038502316
   0.92492492492492   0.03826982738144
   0.92592592592593   0.03774955135062
   0.92692692692693   0.03722955647417
   0.92792792792793   0.03670984229676
   0.92892892892893   0.03619040836432
   0.92992992992993   0.03567125422399
   0.93093093093093   0.03515237942412
   0.93193193193193   0.03463378351429
   0.93293293293293   0.03411546604528
   0.93393393393393   0.03359742656906
   0.93493493493493   0.03307966463884
   0.93593593593594   0.03256217980899
   0.93693693693694   0.03204497163508
   0.93793793793794   0.03152803967387
   0.93893893893894   0.03101138348330
   0.93993993993994   0.03049500262250
   0.94094094094094   0.02997889665176
   0.94194194194194   0.02946306513253
   0.94294294294294   0.02894750762745
   0.94394394394394   0.02843222370030
   0.94494494494494   0.02791721291603
   0.94594594594595   0.02740247484073
   0.94694694694695   0.02688800904164
   0.94794794794795   0.02637381508715
   0.94894894894895   0.02585989254679
   0.94994994994995   0.02534624099122
   0.95095095095095   0.02483285999222
   0.95195195195195   0.02431974912272
   0.95295295295295   0.02380690795675
   0.95395395395395   0.02329433606948
   0.95495495495495   0.02278203303718
   0.95595595595596   0.02226999843722
   0.95695695695696   0.02175823184810
   0.95795795795796   0.02124673284941
   0.95895895895896   0.02073550102183
   0.95995995995996   0.02022453594716
   0.96096096096096   0.01971383720826
   0.96196196196196   0.01920340438908
   0.96296296296296   0.01869323707468
   0.96396396396396   0.01818333485117
   0.96496496496496   0.01767369730575
   0.96596596596597   0.01716432402666
   0.96696696696697   0.01665521460326
   0.96796796796797   0.01614636862592
   0.96896896896897   0.01563778568610
   0.96996996996997   0.01512946537630
   0.97097097097097   0.01462140729009
   0.97197197197197   0.01411361102205
   0.97297297297297   0.01360607616786
   0.97397397397397   0.01309880232418
   0.97497497497497   0.01259178908874
   0.97597597597598   0.01208503606030
   0.97697697697698   0.01157854283864
   0.97797797797798   0.01107230902458
   0.97897897897898   0.01056633421993
   0.97997997997998   0.01006061802756
   0.98098098098098   0.00955516005131
   0.98198198198198   0.00904995989607
   0.98298298298298   0.00854501716771
   0.98398398398398   0.00804033147311
   0.98498498498498   0.00753590242015
   0.98598598598599   0.00703172961772
   0.98698698698699   0.00652781267567
   0.98798798798799   0.00602415120488
   0.98898898898899   0.00552074481717
   0.98998998998999   0.00501759312539
   0.99099099099099   0.00451469574333
   0.99199199199199   0.00401205228578
   0.99299299299299   0.00350966236847
   0.99399399399399   0.00300752560814
   0.99499499499500   0.00250564162247
   0.99599599599600   0.00200401003010
   0.99699699699700   0.00150263045064
   0.99799799799800   0.00100150250463
   0.99899899899900   0.00050062581360
   1.00000000000000                  0
