   0                  1.00000000000000
   0.00100100100100   0.99999899799700
   0.00200200200200   0.99999599198798
   0.00300300300300   0.99999098197296
   0.00400400400400   0.99998396795194
   0.00500500500501   0.99997494992490
   0.00600600600601   0.99996392789186
   0.00700700700701   0.99995090185280
   0.00800800800801   0.99993587180774
   0.00900900900901   0.99991883775668
   0.01001001001001   0.99989979969960
   0.01101101101101   0.99987875763652
   0.01201201201201   0.99985571156742
   0.01301301301301   0.99983066149232
   0.01401401401401   0.99980360741121
   0.01501501501502   0.99977454932410
   0.01601601601602   0.99974348723097
   0.01701701701702   0.99971042113184
   0.01801801801802   0.99967535102670
   0.01901901901902   0.99963827691555
   0.02002002002002   0.99959919879840
   0.02102102102102   0.99955811667523
   0.02202202202202   0.99951503054606
   0.02302302302302   0.99946994041088
   0.02402402402402   0.99942284626969
   0.02502502502503   0.99937374812250
   0.02602602602603   0.99932264596929
   0.02702702702703   0.99926953981008
   0.02802802802803   0.99921442964486
   0.02902902902903   0.99915731547363
   0.03003003003003   0.99909819729640
   0.03103103103103   0.99903707511315
   0.03203203203203   0.99897394892390
   0.03303303303303   0.99890881872864
   0.03403403403403   0.99884168452737
   0.03503503503504   0.99877254632009
   0.03603603603604   0.99870140410681
   0.03703703703704   0.99862825788752
   0.03803803803804   0.99855310766222
   0.03903903903904   0.99847595343091
   0.04004004004004   0.99839679519359
   0.04104104104104   0.99831563295027
   0.04204204204204   0.99823246670094
   0.04304304304304   0.99814729644559
   0.04404404404404   0.99806012218425
   0.04504504504505   0.99797094391689
   0.04604604604605   0.99787976164353
   0.04704704704705   0.99778657536415
   0.04804804804805   0.99769138507877
   0.04904904904905   0.99759419078738
   0.05005005005005   0.99749499248999
   0.05105105105105   0.99739379018658
   0.05205205205205   0.99729058387717
   0.05305305305305   0.99718537356175
   0.05405405405405   0.99707815924032
   0.05505505505506   0.99696894091288
   0.05605605605606   0.99685771857944
   0.05705705705706   0.99674449223999
   0.05805805805806   0.99662926189453
   0.05905905905906   0.99651202754306
   0.06006006006006   0.99639278918558
   0.06106106106106   0.99627154682210
   0.06206206206206   0.99614830045260
   0.06306306306306   0.99602305007710
   0.06406406406406   0.99589579569560
   0.06506506506507   0.99576653730808
   0.06606606606607   0.99563527491455
   0.06706706706707   0.99550200851502
   0.06806806806807   0.99536673810948
   0.06906906906907   0.99522946369793
   0.07007007007007   0.99509018528038
   0.07107107107107   0.99494890285681
   0.07207207207207   0.99480561642724
   0.07307307307307   0.99466032599166
   0.07407407407407   0.99451303155007
   0.07507507507508   0.99436373310247
   0.07607607607608   0.99421243064887
   0.07707707707708   0.99405912418925
   0.07807807807808   0.99390381372363
   0.07907907907908   0.99374649925200
   0.08008008008008   0.99358718077437
   0.08108108108108   0.99342585829072
   0.08208208208208   0.99326253180107
   0.08308308308308   0.99309720130541
   0.08408408408408   0.99292986680374
   0.08508508508509   0.99276052829606
   0.08608608608609   0.99258918578238
   0.08708708708709   0.99241583926269
   0.08808808808809   0.99224048873699
   0.08908908908909   0.99206313420528
   0.09009009009009   0.99188377566756
   0.09109109109109   0.99170241312383
   0.09209209209209   0.99151904657410
   0.09309309309309   0.99133367601836
   0.09409409409409   0.99114630145661
   0.09509509509510   0.99095692288885
   0.09609609609610   0.99076554031509
   0.09709709709710   0.99057215373532
   0.09809809809810   0.99037676314954
   0.09909909909910   0.99017936855775
   0.10010010010010   0.98997996995995
   0.10110110110110   0.98977856735614
   0.10210210210210   0.98957516074633
   0.10310310310310   0.98936975013051
   0.10410410410410   0.98916233550868
   0.10510510510511   0.98895291688084
   0.10610610610611   0.98874149424700
   0.10710710710711   0.98852806760715
   0.10810810810811   0.98831263696129
   0.10910910910911   0.98809520230942
   0.11011011011011   0.98787576365154
   0.11111111111111   0.98765432098765
   0.11211211211211   0.98743087431776
   0.11311311311311   0.98720542364186
   0.11411411411411   0.98697796895995
   0.11511511511512   0.98674851027203
   0.11611611611612   0.98651704757811
   0.11711711711712   0.98628358087818
   0.11811811811812   0.98604811017223
   0.11911911911912   0.98581063546029
   0.12012012012012   0.98557115674233
   0.12112112112112   0.98532967401836
   0.12212212212212   0.98508618728839
   0.12312312312312   0.98484069655241
   0.12412412412412   0.98459320181042
   0.12512512512513   0.98434370306242
   0.12612612612613   0.98409220030842
   0.12712712712713   0.98383869354840
   0.12812812812813   0.98358318278238
   0.12912912912913   0.98332566801035
   0.13013013013013   0.98306614923232
   0.13113113113113   0.98280462644827
   0.13213213213213   0.98254109965822
   0.13313313313313   0.98227556886216
   0.13413413413413   0.98200803406009
   0.13513513513514   0.98173849525201
   0.13613613613614   0.98146695243792
   0.13713713713714   0.98119340561783
   0.13813813813814   0.98091785479173
   0.13913913913914   0.98064029995962
   0.14014014014014   0.98036074112150
   0.14114114114114   0.98007917827738
   0.14214214214214   0.97979561142724
   0.14314314314314   0.97951004057110
   0.14414414414414   0.97922246570895
   0.14514514514515   0.97893288684079
   0.14614614614615   0.97864130396663
   0.14714714714715   0.97834771708646
   0.14814814814815   0.97805212620027
   0.14914914914915   0.97775453130808
   0.15015015015015   0.97745493240989
   0.15115115115115   0.97715332950568
   0.15215215215215   0.97684972259547
   0.15315315315315   0.97654411167925
   0.15415415415415   0.97623649675702
   0.15515515515516   0.97592687782878
   0.15615615615616   0.97561525489453
   0.15715715715716   0.97530162795428
   0.15815815815816   0.97498599700802
   0.15915915915916   0.97466836205575
   0.16016016016016   0.97434872309747
   0.16116116116116   0.97402708013319
   0.16216216216216   0.97370343316289
   0.16316316316316   0.97337778218659
   0.16416416416416   0.97305012720428
   0.16516516516517   0.97272046821596
   0.16616616616617   0.97238880522164
   0.16716716716717   0.97205513822130
   0.16816816816817   0.97171946721496
   0.16916916916917   0.97138179220261
   0.17017017017017   0.97104211318426
   0.17117117117117   0.97070043015989
   0.17217217217217   0.97035674312952
   0.17317317317317   0.97001105209313
   0.17417417417417   0.96966335705074
   0.17517517517518   0.96931365800235
   0.17617617617618   0.96896195494794
   0.17717717717718   0.96860824788753
   0.17817817817818   0.96825253682111
   0.17917917917918   0.96789482174868
   0.18018018018018   0.96753510267024
   0.18118118118118   0.96717337958579
   0.18218218218218   0.96680965249534
   0.18318318318318   0.96644392139888
   0.18418418418418   0.96607618629641
   0.18518518518519   0.96570644718793
   0.18618618618619   0.96533470407344
   0.18718718718719   0.96496095695295
   0.18818818818819   0.96458520582645
   0.18918918918919   0.96420745069394
   0.19019019019019   0.96382769155542
   0.19119119119119   0.96344592841089
   0.19219219219219   0.96306216126036
   0.19319319319319   0.96267639010382
   0.19419419419419   0.96228861494127
   0.19519519519520   0.96189883577271
   0.19619619619620   0.96150705259814
   0.19719719719720   0.96111326541757
   0.19819819819820   0.96071747423099
   0.19919919919920   0.96031967903840
   0.20020020020020   0.95991987983980
   0.20120120120120   0.95951807663519
   0.20220220220220   0.95911426942458
   0.20320320320320   0.95870845820796
   0.20420420420420   0.95830064298533
   0.20520520520521   0.95789082375669
   0.20620620620621   0.95747900052204
   0.20720720720721   0.95706517328139
   0.20820820820821   0.95664934203473
   0.20920920920921   0.95623150678206
   0.21021021021021   0.95581166752338
   0.21121121121121   0.95538982425869
   0.21221221221221   0.95496597698800
   0.21321321321321   0.95454012571130
   0.21421421421421   0.95411227042859
   0.21521521521522   0.95368241113987
   0.21621621621622   0.95325054784514
   0.21721721721722   0.95281668054441
   0.21821821821822   0.95238080923767
   0.21921921921922   0.95194293392492
   0.22022022022022   0.95150305460616
   0.22122122122122   0.95106117128139
   0.22222222222222   0.95061728395062
   0.22322322322322   0.95017139261384
   0.22422422422422   0.94972349727104
   0.22522522522523   0.94927359792225
   0.22622622622623   0.94882169456744
   0.22722722722723   0.94836778720663
   0.22822822822823   0.94791187583980
   0.22922922922923   0.94745396046697
   0.23023023023023   0.94699404108814
   0.23123123123123   0.94653211770329
   0.23223223223223   0.94606819031243
   0.23323323323323   0.94560225891557
   0.23423423423423   0.94513432351270
   0.23523523523524   0.94466438410382
   0.23623623623624   0.94419244068894
   0.23723723723724   0.94371849326804
   0.23823823823824   0.94324254184114
   0.23923923923924   0.94276458640823
   0.24024024024024   0.94228462696931
   0.24124124124124   0.94180266352439
   0.24224224224224   0.94131869607345
   0.24324324324324   0.94083272461651
   0.24424424424424   0.94034474915356
   0.24524524524525   0.93985476968460
   0.24624624624625   0.93936278620963
   0.24724724724725   0.93886879872866
   0.24824824824825   0.93837280724168
   0.24924924924925   0.93787481174869
   0.25025025025025   0.93737481224969
   0.25125125125125   0.93687280874468
   0.25225225225225   0.93636880123367
   0.25325325325325   0.93586278971664
   0.25425425425425   0.93535477419361
   0.25525525525526   0.93484475466457
   0.25625625625626   0.93433273112953
   0.25725725725726   0.93381870358847
   0.25825825825826   0.93330267204141
   0.25925925925926   0.93278463648834
   0.26026026026026   0.93226459692926
   0.26126126126126   0.93174255336418
   0.26226226226226   0.93121850579308
   0.26326326326326   0.93069245421598
   0.26426426426426   0.93016439863287
   0.26526526526527   0.92963433904375
   0.26626626626627   0.92910227544862
   0.26726726726727   0.92856820784749
   0.26826826826827   0.92803213624034
   0.26926926926927   0.92749406062719
   0.27027027027027   0.92695398100804
   0.27127127127127   0.92641189738287
   0.27227227227227   0.92586780975169
   0.27327327327327   0.92532171811451
   0.27427427427427   0.92477362247132
   0.27527527527528   0.92422352282212
   0.27627627627628   0.92367141916691
   0.27727727727728   0.92311731150570
   0.27827827827828   0.92256119983848
   0.27927927927928   0.92200308416525
   0.28028028028028   0.92144296448601
   0.28128128128128   0.92088084080076
   0.28228228228228   0.92031671310951
   0.28328328328328   0.91975058141224
   0.28428428428428   0.91918244570897
   0.28528528528529   0.91861230599969
   0.28628628628629   0.91804016228441
   0.28728728728729   0.91746601456311
   0.28828828828829   0.91688986283581
   0.28928928928929   0.91631170710250
   0.29029029029029   0.91573154736318
   0.29129129129129   0.91514938361785
   0.29229229229229   0.91456521586652
   0.29329329329329   0.91397904410917
   0.29429429429429   0.91339086834582
   0.29529529529530   0.91280068857646
   0.29629629629630   0.91220850480110
   0.29729729729730   0.91161431701972
   0.29829829829830   0.91101812523234
   0.29929929929930   0.91041992943895
   0.30030030030030   0.90981972963955
   0.30130130130130   0.90921752583414
   0.30230230230230   0.90861331802273
   0.30330330330330   0.90800710620530
   0.30430430430430   0.90739889038187
   0.30530530530531   0.90678867055243
   0.30630630630631   0.90617644671699
   0.30730730730731   0.90556221887553
   0.30830830830831   0.90494598702807
   0.30930930930931   0.90432775117460
   0.31031031031031   0.90370751131512
   0.31131131131131   0.90308526744963
   0.31231231231231   0.90246101957814
   0.31331331331331   0.90183476770063
   0.31431431431431   0.90120651181712
   0.31531531531532   0.90057625192760
   0.31631631631632   0.89994398803208
   0.31731731731732   0.89930972013054
   0.31831831831832   0.89867344822300
   0.31931931931932   0.89803517230945
   0.32032032032032   0.89739489238989
   0.32132132132132   0.89675260846432
   0.32232232232232   0.89610832053274
   0.32332332332332   0.89546202859516
   0.32432432432432   0.89481373265157
   0.32532532532533   0.89416343270197
   0.32632632632633   0.89351112874636
   0.32732732732733   0.89285682078475
   0.32832832832833   0.89220050881713
   0.32932932932933   0.89154219284349
   0.33033033033033   0.89088187286385
   0.33133133133133   0.89021954887821
   0.33233233233233   0.88955522088655
   0.33333333333333   0.88888888888889
   0.33433433433433   0.88822055288522
   0.33533533533534   0.88755021287554
   0.33633633633634   0.88687786885985
   0.33733733733734   0.88620352083816
   0.33833833833834   0.88552716881045
   0.33933933933934   0.88484881277674
   0.34034034034034   0.88416845273702
   0.34134134134134   0.88348608869129
   0.34234234234234   0.88280172063956
   0.34334334334334   0.88211534858182
   0.34434434434434   0.88142697251806
   0.34534534534535   0.88073659244830
   0.34634634634635   0.88004420837254
   0.34734734734735   0.87934982029076
   0.34834834834835   0.87865342820298
   0.34934934934935   0.87795503210919
   0.35035035035035   0.87725463200939
   0.35135135135135   0.87655222790358
   0.35235235235235   0.87584781979176
   0.35335335335335   0.87514140767394
   0.35435435435435   0.87443299155011
   0.35535535535536   0.87372257142027
   0.35635635635636   0.87301014728442
   0.35735735735736   0.87229571914257
   0.35835835835836   0.87157928699470
   0.35935935935936   0.87086085084083
   0.36036036036036   0.87014041068095
   0.36136136136136   0.86941796651506
   0.36236236236236   0.86869351834317
   0.36336336336336   0.86796706616526
   0.36436436436436   0.86723860998135
   0.36536536536537   0.86650814979143
   0.36636636636637   0.86577568559551
   0.36736736736737   0.86504121739357
   0.36836836836837   0.86430474518563
   0.36936936936937   0.86356626897167
   0.37037037037037   0.86282578875171
   0.37137137137137   0.86208330452575
   0.37237237237237   0.86133881629377
   0.37337337337337   0.86059232405579
   0.37437437437437   0.85984382781180
   0.37537537537538   0.85909332756180
   0.37637637637638   0.85834082330579
   0.37737737737738   0.85758631504377
   0.37837837837838   0.85682980277575
   0.37937937937938   0.85607128650172
   0.38038038038038   0.85531076622168
   0.38138138138138   0.85454824193563
   0.38238238238238   0.85378371364357
   0.38338338338338   0.85301718134551
   0.38438438438438   0.85224864504144
   0.38538538538539   0.85147810473136
   0.38638638638639   0.85070556041527
   0.38738738738739   0.84993101209317
   0.38838838838839   0.84915445976507
   0.38938938938939   0.84837590343096
   0.39039039039039   0.84759534309084
   0.39139139139139   0.84681277874471
   0.39239239239239   0.84602821039257
   0.39339339339339   0.84524163803443
   0.39439439439439   0.84445306167028
   0.39539539539540   0.84366248130012
   0.39639639639640   0.84286989692395
   0.39739739739740   0.84207530854178
   0.39839839839840   0.84127871615359
   0.39939939939940   0.84048011975940
   0.40040040040040   0.83967951935920
   0.40140140140140   0.83887691495299
   0.40240240240240   0.83807230654078
   0.40340340340340   0.83726569412255
   0.40440440440440   0.83645707769832
   0.40540540540541   0.83564645726808
   0.40640640640641   0.83483383283183
   0.40740740740741   0.83401920438957
   0.40840840840841   0.83320257194131
   0.40940940940941   0.83238393548704
   0.41041041041041   0.83156329502676
   0.41141141141141   0.83074065056047
   0.41241241241241   0.82991600208817
   0.41341341341341   0.82908934960987
   0.41441441441441   0.82826069312556
   0.41541541541542   0.82743003263524
   0.41641641641642   0.82659736813891
   0.41741741741742   0.82576269963657
   0.41841841841842   0.82492602712823
   0.41941941941942   0.82408735061388
   0.42042042042042   0.82324667009352
   0.42142142142142   0.82240398556715
   0.42242242242242   0.82155929703477
   0.42342342342342   0.82071260449639
   0.42442442442442   0.81986390795200
   0.42542542542543   0.81901320740160
   0.42642642642643   0.81816050284519
   0.42742742742743   0.81730579428277
   0.42842842842843   0.81644908171435
   0.42942942942943   0.81559036513991
   0.43043043043043   0.81472964455947
   0.43143143143143   0.81386691997303
   0.43243243243243   0.81300219138057
   0.43343343343343   0.81213545878211
   0.43443443443443   0.81126672217763
   0.43543543543544   0.81039598156715
   0.43643643643644   0.80952323695066
   0.43743743743744   0.80864848832817
   0.43843843843844   0.80777173569966
   0.43943943943944   0.80689297906515
   0.44044044044044   0.80601221842463
   0.44144144144144   0.80512945377810
   0.44244244244244   0.80424468512557
   0.44344344344344   0.80335791246702
   0.44444444444444   0.80246913580247
   0.44544544544545   0.80157835513191
   0.44644644644645   0.80068557045534
   0.44744744744745   0.79979078177276
   0.44844844844845   0.79889398908418
   0.44944944944945   0.79799519238959
   0.45045045045045   0.79709439168899
   0.45145145145145   0.79619158698238
   0.45245245245245   0.79528677826976
   0.45345345345345   0.79437996555114
   0.45445445445445   0.79347114882650
   0.45545545545546   0.79256032809586
   0.45645645645646   0.79164750335922
   0.45745745745746   0.79073267461656
   0.45845845845846   0.78981584186789
   0.45945945945946   0.78889700511322
   0.46046046046046   0.78797616435254
   0.46146146146146   0.78705331958585
   0.46246246246246   0.78612847081316
   0.46346346346346   0.78520161803445
   0.46446446446446   0.78427276124974
   0.46546546546547   0.78334190045902
   0.46646646646647   0.78240903566229
   0.46746746746747   0.78147416685955
   0.46846846846847   0.78053729405081
   0.46946946946947   0.77959841723605
   0.47047047047047   0.77865753641529
   0.47147147147147   0.77771465158853
   0.47247247247247   0.77676976275575
   0.47347347347347   0.77582286991696
   0.47447447447447   0.77487397307217
   0.47547547547548   0.77392307222137
   0.47647647647648   0.77297016736456
   0.47747747747748   0.77201525850175
   0.47847847847848   0.77105834563292
   0.47947947947948   0.77009942875809
   0.48048048048048   0.76913850787725
   0.48148148148148   0.76817558299040
   0.48248248248248   0.76721065409754
   0.48348348348348   0.76624372119868
   0.48448448448448   0.76527478429380
   0.48548548548549   0.76430384338292
   0.48648648648649   0.76333089846603
   0.48748748748749   0.76235594954314
   0.48848848848849   0.76137899661423
   0.48948948948949   0.76040003967932
   0.49049049049049   0.75941907873840
   0.49149149149149   0.75843611379147
   0.49249249249249   0.75745114483853
   0.49349349349349   0.75646417187959
   0.49449449449449   0.75547519491463
   0.49549549549550   0.75448421394367
   0.49649649649650   0.75349122896670
   0.49749749749750   0.75249623998373
   0.49849849849850   0.75149924699474
   0.49949949949950   0.75050024999975
   0.50050050050050   0.74949924899875
   0.50150150150150   0.74849624399174
   0.50250250250250   0.74749123497872
   0.50350350350350   0.74648422195970
   0.50450450450450   0.74547520493466
   0.50550550550551   0.74446418390362
   0.50650650650651   0.74345115886657
   0.50750750750751   0.74243612982352
   0.50850850850851   0.74141909677445
   0.50950950950951   0.74040005971938
   0.51051051051051   0.73937901865830
   0.51151151151151   0.73835597359121
   0.51251251251251   0.73733092451811
   0.51351351351351   0.73630387143901
   0.51451451451451   0.73527481435389
   0.51551551551552   0.73424375326277
   0.51651651651652   0.73321068816564
   0.51751751751752   0.73217561906251
   0.51851851851852   0.73113854595336
   0.51951951951952   0.73009946883821
   0.52052052052052   0.72905838771705
   0.52152152152152   0.72801530258988
   0.52252252252252   0.72697021345670
   0.52352352352352   0.72592312031751
   0.52452452452452   0.72487402317232
   0.52552552552553   0.72382292202112
   0.52652652652653   0.72276981686391
   0.52752752752753   0.72171470770069
   0.52852852852853   0.72065759453147
   0.52952952952953   0.71959847735624
   0.53053053053053   0.71853735617499
   0.53153153153153   0.71747423098774
   0.53253253253253   0.71640910179449
   0.53353353353353   0.71534196859522
   0.53453453453453   0.71427283138995
   0.53553553553554   0.71320169017867
   0.53653653653654   0.71212854496138
   0.53753753753754   0.71105339573808
   0.53853853853854   0.70997624250878
   0.53953953953954   0.70889708527346
   0.54054054054054   0.70781592403214
   0.54154154154154   0.70673275878481
   0.54254254254254   0.70564758953147
   0.54354354354354   0.70456041627213
   0.54454454454454   0.70347123900677
   0.54554554554555   0.70238005773541
   0.54654654654655   0.70128687245804
   0.54754754754755   0.70019168317467
   0.54854854854855   0.69909448988528
   0.54954954954955   0.69799529258989
   0.55055055055055   0.69689409128849
   0.55155155155155   0.69579088598108
   0.55255255255255   0.69468567666766
   0.55355355355355   0.69357846334823
   0.55455455455455   0.69246924602280
   0.55555555555556   0.69135802469136
   0.55655655655656   0.69024479935391
   0.55755755755756   0.68912957001045
   0.55855855855856   0.68801233666099
   0.55955955955956   0.68689309930551
   0.56056056056056   0.68577185794403
   0.56156156156156   0.68464861257654
   0.56256256256256   0.68352336320304
   0.56356356356356   0.68239610982354
   0.56456456456456   0.68126685243802
   0.56556556556557   0.68013559104650
   0.56656656656657   0.67900232564897
   0.56756756756757   0.67786705624543
   0.56856856856857   0.67672978283589
   0.56956956956957   0.67559050542034
   0.57057057057057   0.67444922399877
   0.57157157157157   0.67330593857120
   0.57257257257257   0.67216064913763
   0.57357357357357   0.67101335569804
   0.57457457457457   0.66986405825245
   0.57557557557558   0.66871275680084
   0.57657657657658   0.66755945134324
   0.57757757757758   0.66640414187962
   0.57857857857858   0.66524682840999
   0.57957957957958   0.66408751093436
   0.58058058058058   0.66292618945272
   0.58158158158158   0.66176286396507
   0.58258258258258   0.66059753447141
   0.58358358358358   0.65943020097174
   0.58458458458458   0.65826086346607
   0.58558558558559   0.65708952195439
   0.58658658658659   0.65591617643670
   0.58758758758759   0.65474082691300
   0.58858858858859   0.65356347338329
   0.58958958958959   0.65238411584758
   0.59059059059059   0.65120275430586
   0.59159159159159   0.65001938875813
   0.59259259259259   0.64883401920439
   0.59359359359359   0.64764664564464
   0.59459459459459   0.64645726807889
   0.59559559559560   0.64526588650713
   0.59659659659660   0.64407250092936
   0.59759759759760   0.64287711134558
   0.59859859859860   0.64167971775579
   0.59959959959960   0.64048032016000
   0.60060060060060   0.63927891855820
   0.60160160160160   0.63807551295039
   0.60260260260260   0.63687010333657
   0.60360360360360   0.63566268971674
   0.60460460460460   0.63445327209091
   0.60560560560561   0.63324185045907
   0.60660660660661   0.63202842482122
   0.60760760760761   0.63081299517736
   0.60860860860861   0.62959556152749
   0.60960960960961   0.62837612387162
   0.61061061061061   0.62715468220974
   0.61161161161161   0.62593123654185
   0.61261261261261   0.62470578686795
   0.61361361361361   0.62347833318804
   0.61461461461461   0.62224887550213
   0.61561561561562   0.62101741381021
   0.61661661661662   0.61978394811228
   0.61761761761762   0.61854847840834
   0.61861861861862   0.61731100469839
   0.61961961961962   0.61607152698244
   0.62062062062062   0.61483004526048
   0.62162162162162   0.61358655953251
   0.62262262262262   0.61234106979853
   0.62362362362362   0.61109357605854
   0.62462462462462   0.60984407831255
   0.62562562562563   0.60859257656054
   0.62662662662663   0.60733907080253
   0.62762762762763   0.60608356103852
   0.62862862862863   0.60482604726849
   0.62962962962963   0.60356652949246
   0.63063063063063   0.60230500771041
   0.63163163163163   0.60104148192236
   0.63263263263263   0.59977595212830
   0.63363363363363   0.59850841832824
   0.63463463463463   0.59723888052216
   0.63563563563564   0.59596733871008
   0.63663663663664   0.59469379289199
   0.63763763763764   0.59341824306789
   0.63863863863864   0.59214068923779
   0.63963963963964   0.59086113140167
   0.64064064064064   0.58957956955955
   0.64164164164164   0.58829600371142
   0.64264264264264   0.58701043385728
   0.64364364364364   0.58572285999713
   0.64464464464464   0.58443328213098
   0.64564564564565   0.58314170025882
   0.64664664664665   0.58184811438065
   0.64764764764765   0.58055252449647
   0.64864864864865   0.57925493060628
   0.64964964964965   0.57795533271009
   0.65065065065065   0.57665373080788
   0.65165165165165   0.57535012489967
   0.65265265265265   0.57404451498546
   0.65365365365365   0.57273690106523
   0.65465465465465   0.57142728313899
   0.65565565565566   0.57011566120675
   0.65665665665666   0.56880203526850
   0.65765765765766   0.56748640532424
   0.65865865865866   0.56616877137398
   0.65965965965966   0.56484913341770
   0.66066066066066   0.56352749145542
   0.66166166166166   0.56220384548713
   0.66266266266266   0.56087819551283
   0.66366366366366   0.55955054153252
   0.66466466466466   0.55822088354621
   0.66566566566567   0.55688922155389
   0.66666666666667   0.55555555555556
   0.66766766766767   0.55421988555122
   0.66866866866867   0.55288221154087
   0.66966966966967   0.55154253352452
   0.67067067067067   0.55020085150215
   0.67167167167167   0.54885716547378
   0.67267267267267   0.54751147543940
   0.67367367367367   0.54616378139902
   0.67467467467467   0.54481408335262
   0.67567567567568   0.54346238130022
   0.67667667667668   0.54210867524181
   0.67767767767768   0.54075296517739
   0.67867867867868   0.53939525110696
   0.67967967967968   0.53803553303053
   0.68068068068068   0.53667381094809
   0.68168168168168   0.53531008485963
   0.68268268268268   0.53394435476518
   0.68368368368368   0.53257662066471
   0.68468468468468   0.53120688255823
   0.68568568568569   0.52983514044575
   0.68668668668669   0.52846139432726
   0.68768768768769   0.52708564420276
   0.68868868868869   0.52570789007225
   0.68968968968969   0.52432813193574
   0.69069069069069   0.52294636979322
   0.69169169169169   0.52156260364469
   0.69269269269269   0.52017683349015
   0.69369369369369   0.51878905932960
   0.69469469469469   0.51739928116305
   0.69569569569570   0.51600749899048
   0.69669669669670   0.51461371281191
   0.69769769769770   0.51321792262733
   0.69869869869870   0.51182012843674
   0.69969969969970   0.51042033024015
   0.70070070070070   0.50901852803755
   0.70170170170170   0.50761472182894
   0.70270270270270   0.50620891161432
   0.70370370370370   0.50480109739369
   0.70470470470470   0.50339127916705
   0.70570570570571   0.50197945693441
   0.70670670670671   0.50056563069576
   0.70770770770771   0.49914980045110
   0.70870870870871   0.49773196620043
   0.70970970970971   0.49631212794376
   0.71071071071071   0.49489028568108
   0.71171171171171   0.49346643941239
   0.71271271271271   0.49204058913769
   0.71371371371371   0.49061273485698
   0.71471471471471   0.48918287657026
   0.71571571571572   0.48775101427754
   0.71671671671672   0.48631714797881
   0.71771771771772   0.48488127767407
   0.71871871871872   0.48344340336332
   0.71971971971972   0.48200352504657
   0.72072072072072   0.48056164272380
   0.72172172172172   0.47911775639503
   0.72272272272272   0.47767186606025
   0.72372372372372   0.47622397171947
   0.72472472472472   0.47477407337267
   0.72572572572573   0.47332217101987
   0.72672672672673   0.47186826466106
   0.72772772772773   0.47041235429624
   0.72872872872873   0.46895443992541
   0.72972972972973   0.46749452154858
   0.73073073073073   0.46603259916573
   0.73173173173173   0.46456867277688
   0.73273273273273   0.46310274238202
   0.73373373373373   0.46163480798115
   0.73473473473473   0.46016486957428
   0.73573573573574   0.45869292716140
   0.73673673673674   0.45721898074250
   0.73773773773774   0.45574303031760
   0.73873873873874   0.45426507588670
   0.73973973973974   0.45278511744978
   0.74074074074074   0.45130315500686
   0.74174174174174   0.44981918855793
   0.74274274274274   0.44833321810299
   0.74374374374374   0.44684524364204
   0.74474474474474   0.44535526517509
   0.74574574574575   0.44386328270212
   0.74674674674675   0.44236929622315
   0.74774774774775   0.44087330573817
   0.74874874874875   0.43937531124718
   0.74974974974975   0.43787531275019
   0.75075075075075   0.43637331024718
   0.75175175175175   0.43486930373817
   0.75275275275275   0.43336329322315
   0.75375375375375   0.43185527870213
   0.75475475475475   0.43034526017509
   0.75575575575576   0.42883323764205
   0.75675675675676   0.42731921110299
   0.75775775775776   0.42580318055794
   0.75875875875876   0.42428514600687
   0.75975975975976   0.42276510744979
   0.76076076076076   0.42124306488671
   0.76176176176176   0.41971901831762
   0.76276276276276   0.41819296774252
   0.76376376376376   0.41666491316141
   0.76476476476476   0.41513485457429
   0.76576576576577   0.41360279198117
   0.76676676676677   0.41206872538204
   0.76776776776777   0.41053265477690
   0.76876876876877   0.40899458016575
   0.76976976976977   0.40745450154860
   0.77077077077077   0.40591241892543
   0.77177177177177   0.40436833229626
   0.77277277277277   0.40282224166108
   0.77377377377377   0.40127414701989
   0.77477477477477   0.39972404837270
   0.77577577577578   0.39817194571949
   0.77677677677678   0.39661783906028
   0.77777777777778   0.39506172839506
   0.77877877877878   0.39350361372383
   0.77977977977978   0.39194349504660
   0.78078078078078   0.39038137236335
   0.78178178178178   0.38881724567410
   0.78278278278278   0.38725111497884
   0.78378378378378   0.38568298027757
   0.78478478478478   0.38411284157030
   0.78578578578579   0.38254069885702
   0.78678678678679   0.38096655213772
   0.78778778778779   0.37939040141242
   0.78878878878879   0.37781224668112
   0.78978978978979   0.37623208794380
   0.79079079079079   0.37464992520048
   0.79179179179179   0.37306575845114
   0.79279279279279   0.37147958769580
   0.79379379379379   0.36989141293446
   0.79479479479479   0.36830123416710
   0.79579579579580   0.36670905139374
   0.79679679679680   0.36511486461436
   0.79779779779780   0.36351867382898
   0.79879879879880   0.36192047903760
   0.79979979979980   0.36032028024020
   0.80080080080080   0.35871807743680
   0.80180180180180   0.35711387062738
   0.80280280280280   0.35550765981196
   0.80380380380380   0.35389944499054
   0.80480480480480   0.35228922616310
   0.80580580580581   0.35067700332966
   0.80680680680681   0.34906277649020
   0.80780780780781   0.34744654564474
   0.80880880880881   0.34582831079328
   0.80980980980981   0.34420807193580
   0.81081081081081   0.34258582907232
   0.81181181181181   0.34096158220282
   0.81281281281281   0.33933533132732
   0.81381381381381   0.33770707644582
   0.81481481481481   0.33607681755830
   0.81581581581582   0.33444455466477
   0.81681681681682   0.33281028776524
   0.81781781781782   0.33117401685970
   0.81881881881882   0.32953574194815
   0.81981981981982   0.32789546303060
   0.82082082082082   0.32625318010703
   0.82182182182182   0.32460889317746
   0.82282282282282   0.32296260224188
   0.82382382382382   0.32131430730029
   0.82482482482482   0.31966400835270
   0.82582582582583   0.31801170539909
   0.82682682682683   0.31635739843948
   0.82782782782783   0.31470108747386
   0.82882882882883   0.31304277250223
   0.82982982982983   0.31138245352460
   0.83083083083083   0.30972013054095
   0.83183183183183   0.30805580355130
   0.83283283283283   0.30638947255564
   0.83383383383383   0.30472113755397
   0.83483483483483   0.30305079854629
   0.83583583583584   0.30137845553261
   0.83683683683684   0.29970410851292
   0.83783783783784   0.29802775748722
   0.83883883883884   0.29634940245551
   0.83983983983984   0.29466904341779
   0.84084084084084   0.29298668037407
   0.84184184184184   0.29130231332434
   0.84284284284284   0.28961594226859
   0.84384384384384   0.28792756720685
   0.84484484484484   0.28623718813909
   0.84584584584585   0.28454480506533
   0.84684684684685   0.28285041798555
   0.84784784784785   0.28115402689977
   0.84884884884885   0.27945563180798
   0.84984984984985   0.27775523271019
   0.85085085085085   0.27605282960638
   0.85185185185185   0.27434842249657
   0.85285285285285   0.27264201138075
   0.85385385385385   0.27093359625892
   0.85485485485485   0.26922317713108
   0.85585585585586   0.26751075399724
   0.85685685685686   0.26579632685739
   0.85785785785786   0.26407989571153
   0.85885885885886   0.26236146055966
   0.85985985985986   0.26064102140178
   0.86086086086086   0.25891857823790
   0.86186186186186   0.25719413106800
   0.86286286286286   0.25546767989210
   0.86386386386386   0.25373922471020
   0.86486486486486   0.25200876552228
   0.86586586586587   0.25027630232835
   0.86686686686687   0.24854183512842
   0.86786786786787   0.24680536392248
   0.86886886886887   0.24506688871053
   0.86986986986987   0.24332640949258
   0.87087087087087   0.24158392626861
   0.87187187187187   0.23983943903864
   0.87287287287287   0.23809294780266
   0.87387387387387   0.23634445256067
   0.87487487487487   0.23459395331267
   0.87587587587588   0.23284145005867
   0.87687687687688   0.23108694279865
   0.87787787787788   0.22933043153263
   0.87887887887888   0.22757191626061
   0.87987987987988   0.22581139698257
   0.88088088088088   0.22404887369852
   0.88188188188188   0.22228434640847
   0.88288288288288   0.22051781511241
   0.88388388388388   0.21874927981034
   0.88488488488488   0.21697874050226
   0.88588588588589   0.21520619718818
   0.88688688688689   0.21343164986809
   0.88788788788789   0.21165509854199
   0.88888888888889   0.20987654320988
   0.88988988988989   0.20809598387176
   0.89089089089089   0.20631342052763
   0.89189189189189   0.20452885317750
   0.89289289289289   0.20274228182136
   0.89389389389389   0.20095370645921
   0.89489489489489   0.19916312709105
   0.89589589589590   0.19737054371689
   0.89689689689690   0.19557595633672
   0.89789789789790   0.19377936495054
   0.89889889889890   0.19198076955835
   0.89989989989990   0.19018017016015
   0.90090090090090   0.18837756675595
   0.90190190190190   0.18657295934573
   0.90290290290290   0.18476634792951
   0.90390390390390   0.18295773250728
   0.90490490490490   0.18114711307904
   0.90590590590591   0.17933448964480
   0.90690690690691   0.17751986220455
   0.90790790790791   0.17570323075829
   0.90890890890891   0.17388459530602
   0.90990990990991   0.17206395584774
   0.91091091091091   0.17024131238345
   0.91191191191191   0.16841666491316
   0.91291291291291   0.16659001343686
   0.91391391391391   0.16476135795455
   0.91491491491491   0.16293069846623
   0.91591591591592   0.16109803497191
   0.91691691691692   0.15926336747158
   0.91791791791792   0.15742669596523
   0.91891891891892   0.15558802045289
   0.91991991991992   0.15374734093453
   0.92092092092092   0.15190465741016
   0.92192192192192   0.15005996987979
   0.92292292292292   0.14821327834341
   0.92392392392392   0.14636458280102
   0.92492492492492   0.14451388325262
   0.92592592592593   0.14266117969822
   0.92692692692693   0.14080647213780
   0.92792792792793   0.13894976057138
   0.92892892892893   0.13709104499895
   0.92992992992993   0.13523032542052
   0.93093093093093   0.13336760183607
   0.93193193193193   0.13150287424562
   0.93293293293293   0.12963614264916
   0.93393393393393   0.12776740704669
   0.93493493493493   0.12589666743821
   0.93593593593594   0.12402392382372
   0.93693693693694   0.12214917620323
   0.93793793793794   0.12027242457673
   0.93893893893894   0.11839366894422
   0.93993993993994   0.11651290930570
   0.94094094094094   0.11463014566118
   0.94194194194194   0.11274537801064
   0.94294294294294   0.11085860635410
   0.94394394394394   0.10896983069155
   0.94494494494494   0.10707905102299
   0.94594594594595   0.10518626734843
   0.94694694694695   0.10329147966786
   0.94794794794795   0.10139468798127
   0.94894894894895   0.09949589228869
   0.94994994994995   0.09759509259009
   0.95095095095095   0.09569228888548
   0.95195195195195   0.09378748117487
   0.95295295295295   0.09188066945825
   0.95395395395395   0.08997185373562
   0.95495495495495   0.08806103400698
   0.95595595595596   0.08614821027233
   0.95695695695696   0.08423338253168
   0.95795795795796   0.08231655078502
   0.95895895895896   0.08039771503235
   0.95995995995996   0.07847687527367
   0.96096096096096   0.07655403150899
   0.96196196196196   0.07462918373829
   0.96296296296296   0.07270233196159
   0.96396396396396   0.07077347617888
   0.96496496496496   0.06884261639016
   0.96596596596597   0.06690975259544
   0.96696696696697   0.06497488479470
   0.96796796796797   0.06303801298796
   0.96896896896897   0.06109913717521
   0.96996996996997   0.05915825735646
   0.97097097097097   0.05721537353169
   0.97197197197197   0.05527048570092
   0.97297297297297   0.05332359386413
   0.97397397397397   0.05137469802134
   0.97497497497497   0.04942379817255
   0.97597597597598   0.04747089431774
   0.97697697697698   0.04551598645693
   0.97797797797798   0.04355907459011
   0.97897897897898   0.04160015871728
   0.97997997997998   0.03963923883844
   0.98098098098098   0.03767631495359
   0.98198198198198   0.03571138706274
   0.98298298298298   0.03374445516588
   0.98398398398398   0.03177551926301
   0.98498498498498   0.02980457935413
   0.98598598598599   0.02783163543924
   0.98698698698699   0.02585668751835
   0.98798798798799   0.02387973559145
   0.98898898898899   0.02190077965854
   0.98998998998999   0.01991981971962
   0.99099099099099   0.01793685577469
   0.99199199199199   0.01595188782376
   0.99299299299299   0.01396491586682
   0.99399399399399   0.01197593990387
   0.99499499499500   0.00998495993491
   0.99599599599600   0.00799197595994
   0.99699699699700   0.00599698797897
   0.99799799799800   0.00399999599199
   0.99899899899900   0.00200099999900
   1.00000000000000                  0
