   0                  1.00000000000000
   0.00025006251563   0.98418467044765
   0.00050012503126   0.97762866702905
   0.00075018754689   0.97259276955573
   0.00100025006252   0.96834184334216
   0.00125031257814   0.96459114138450
   0.00150037509377   0.96119462939476
   0.00175043760940   0.95806555767742
   0.00200050012503   0.95514740541991
   0.00225056264066   0.95240091457763
   0.00250062515629   0.94979750307886
   0.00275068767192   0.94731559526045
   0.00300075018755   0.94493843048743
   0.00325081270318   0.94265268142973
   0.00350087521880   0.94044754387412
   0.00375093773443   0.93831411514437
   0.00400100025006   0.93624495658610
   0.00425106276569   0.93423377758124
   0.00450112528132   0.93227520221546
   0.00475118779695   0.93036459361650
   0.00500125031258   0.92849791944322
   0.00525131282821   0.92667164732270
   0.00550137534384   0.92488266246788
   0.00575143785946   0.92312820198249
   0.00600150037509   0.92140580189903
   0.00625156289072   0.91971325405717
   0.00650162540635   0.91804857067624
   0.00675168792198   0.91640995500735
   0.00700175043761   0.91479577683669
   0.00725181295324   0.91320455189436
   0.00750187546887   0.91163492443371
   0.00775193798450   0.91008565240392
   0.00800200050013   0.90855559475931
   0.00825206301575   0.90704370054030
   0.00850212553138   0.90554899943302
   0.00875218804701   0.90407059356980
   0.00900225056264   0.90260765037673
   0.00925231307827   0.90115939630948
   0.00950237559390   0.89972511134593
   0.00975243810953   0.89830412412696
   0.01000250062516   0.89689580765422
   0.01025256314079   0.89549957546903
   0.01050262565641   0.89411487824799
   0.01075268817204   0.89274120076117
   0.01100275068767   0.89137805914659
   0.01125281320330   0.89002499846188
   0.01150287571893   0.88868159047917
   0.01175293823456   0.88734743169444
   0.01200300075019   0.88602214152624
   0.01225306326582   0.88470536068229
   0.01250312578145   0.88339674967509
   0.01275318829707   0.88209598747032
   0.01300325081270   0.88080277025367
   0.01325331332833   0.87951681030373
   0.01350337584396   0.87823783495991
   0.01375343835959   0.87696558567573
   0.01400350087522   0.87569981714906
   0.01425356339085   0.87444029652176
   0.01450362590648   0.87318680264188
   0.01475368842211   0.87193912538282
   0.01500375093773   0.87069706501390
   0.01525381345336   0.86946043161769
   0.01550387596899   0.86822904455001
   0.01575393848462   0.86700273193874
   0.01600400100025   0.86578133021801
   0.01625406351588   0.86456468369486
   0.01650412603151   0.86335264414557
   0.01675418854714   0.86214507043913
   0.01700425106277   0.86094182818578
   0.01725431357839   0.85974278940844
   0.01750437609402   0.85854783223527
   0.01775443860965   0.85735684061177
   0.01800450112528   0.85616970403081
   0.01825456364091   0.85498631727922
   0.01850462615654   0.85380658019982
   0.01875468867217   0.85263039746756
   0.01900475118780   0.85145767837893
   0.01925481370343   0.85028833665349
   0.01950487621905   0.84912229024683
   0.01975493873468   0.84795946117403
   0.02000500125031   0.84679977534291
   0.02025506376594   0.84564316239646
   0.02050512628157   0.84448955556380
   0.02075518879720   0.84333889151899
   0.02100525131283   0.84219111024740
   0.02125531382846   0.84104615491887
   0.02150537634409   0.83990397176743
   0.02175543885971   0.83876450997710
   0.02200550137534   0.83762772157330
   0.02225556389097   0.83649356131970
   0.02250562640660   0.83536198661991
   0.02275568892223   0.83423295742402
   0.02300575143786   0.83310643613944
   0.02325581395349   0.83198238754595
   0.02350587646912   0.83086077871457
   0.02375593898475   0.82974157893017
   0.02400600150038   0.82862475961751
   0.02425606401600   0.82751029427052
   0.02450612653163   0.82639815838465
   0.02475618904726   0.82528832939216
   0.02500625156289   0.82418078660006
   0.02525631407852   0.82307551113074
   0.02550637659415   0.82197248586498
   0.02575643910978   0.82087169538723
   0.02600650162541   0.81977312593317
   0.02625656414104   0.81867676533928
   0.02650662665666   0.81758260299439
   0.02675668917229   0.81649062979303
   0.02700675168792   0.81540083809066
   0.02725681420355   0.81431322166046
   0.02750687671918   0.81322777565173
   0.02775693923481   0.81214449654985
   0.02800700175044   0.81106338213761
   0.02825706426607   0.80998443145791
   0.02850712678170   0.80890764477779
   0.02875718929732   0.80783302355362
   0.02900725181295   0.80676057039756
   0.02925731432858   0.80569028904500
   0.02950737684421   0.80462218432320
   0.02975743935984   0.80355626212086
   0.03000750187547   0.80249252935863
   0.03025756439110   0.80143099396065
   0.03050762690673   0.80037166482683
   0.03075768942236   0.79931455180605
   0.03100775193798   0.79825966567018
   0.03125781445361   0.79720701808875
   0.03150787696924   0.79615662160450
   0.03175793948487   0.79510848960948
   0.03200800200050   0.79406263632192
   0.03225806451613   0.79301907676372
   0.03250812703176   0.79197782673846
   0.03275818954739   0.79093890281014
   0.03300825206302   0.78990232228237
   0.03325831457864   0.78886810317810
   0.03350837709427   0.78783626421995
   0.03375843960990   0.78680682481090
   0.03400850212553   0.78577980501560
   0.03425856464116   0.78475522554199
   0.03450862715679   0.78373310772342
   0.03475868967242   0.78271347350123
   0.03500875218805   0.78169634540765
   0.03525881470368   0.78068174654911
   0.03550887721930   0.77966970058992
   0.03575893973493   0.77866023173635
   0.03600900225056   0.77765336472095
   0.03625906476619   0.77664912478730
   0.03650912728182   0.77564753767502
   0.03675918979745   0.77464862960507
   0.03700925231308   0.77365242726539
   0.03725931482871   0.77265895779681
   0.03750937734434   0.77166824877915
   0.03775943985996   0.77068032821773
   0.03800950237559   0.76969522453000
   0.03825956489122   0.76871296653247
   0.03850962740685   0.76773358342784
   0.03875968992248   0.76675710479244
   0.03900975243811   0.76578356056377
   0.03925981495374   0.76481298102831
   0.03950987746937   0.76384539680958
   0.03975993998500   0.76288083885626
   0.04001000250063   0.76191933843068
   0.04026006501625   0.76096092709733
   0.04051012753188   0.76000563671161
   0.04076019004751   0.75905349940882
   0.04101025256314   0.75810454759319
   0.04126031507877   0.75715881392715
   0.04151037759440   0.75621633132073
   0.04176044011003   0.75527713292114
   0.04201050262566   0.75434125210245
   0.04226056514129   0.75340872245545
   0.04251062765691   0.75247957777761
   0.04276069017254   0.75155385206322
   0.04301075268817   0.75063157949361
   0.04326081520380   0.74971279442754
   0.04351087771943   0.74879753139168
   0.04376094023506   0.74788582507122
   0.04401100275069   0.74697771030059
   0.04426106526632   0.74607322205432
   0.04451112778195   0.74517239543795
   0.04476119029757   0.74427526567909
   0.04501125281320   0.74338186811861
   0.04526131532883   0.74249223820186
   0.04551137784446   0.74160641147001
   0.04576144036009   0.74072442355154
   0.04601150287572   0.73984631015377
   0.04626156539135   0.73897210705447
   0.04651162790698   0.73810185009359
   0.04676169042261   0.73723557516510
   0.04701175293823   0.73637331820883
   0.04726181545386   0.73551511520250
   0.04751187796949   0.73466100215374
   0.04776194048512   0.73381101509223
   0.04801200300075   0.73296519006195
   0.04826206551638   0.73212356311341
   0.04851212803201   0.73128617029607
   0.04876219054764   0.73045304765076
   0.04901225306327   0.72962423120216
   0.04926231557889   0.72879975695142
   0.04951237809452   0.72797966086881
   0.04976244061015   0.72716397888639
   0.05001250312578   0.72635274689085
   0.05026256564141   0.72554600071632
   0.05051262815704   0.72474377613729
   0.05076269067267   0.72394610886160
   0.05101275318830   0.72315303452348
   0.05126281570393   0.72236458867664
   0.05151287821955   0.72158080678741
   0.05176294073518   0.72080172422800
   0.05201300325081   0.72002737626978
   0.05226306576644   0.71925779807658
   0.05251312828207   0.71849302469809
   0.05276319079770   0.71773309106337
   0.05301325331333   0.71697803197428
   0.05326331582896   0.71622788209909
   0.05351337834459   0.71548267596608
   0.05376344086022   0.71474244795723
   0.05401350337584   0.71400723230192
   0.05426356589147   0.71327706307072
   0.05451362840710   0.71255197416922
   0.05476369092273   0.71183199933193
   0.05501375343836   0.71111717211618
   0.05526381595399   0.71040752589613
   0.05551387846962   0.70970309385679
   0.05576394098525   0.70900390898814
   0.05601400350088   0.70831000407922
   0.05626406601650   0.70762141171236
   0.05651412853213   0.70693816425736
   0.05676419104776   0.70626029386586
   0.05701425356339   0.70558783246557
   0.05726431607902   0.70492081175476
   0.05751437859465   0.70425926319658
   0.05776444111028   0.70360321801363
   0.05801450362591   0.70295270718243
   0.05826456614154   0.70230776142804
   0.05851462865716   0.70166841121861
   0.05876469117279   0.70103468676014
   0.05901475368842   0.70040661799110
   0.05926481620405   0.69978423457726
   0.05951487871968   0.69916756590650
   0.05976494123531   0.69855664108359
   0.06001500375094   0.69795148892519
   0.06026506626657   0.69735213795474
   0.06051512878220   0.69675861639745
   0.06076519129782   0.69617095217538
   0.06101525381345   0.69558917290249
   0.06126531632908   0.69501330587980
   0.06151537884471   0.69444337809054
   0.06176544136034   0.69387941619542
   0.06201550387597   0.69332144652785
   0.06226556639160   0.69276949508928
   0.06251562890723   0.69222358754458
   0.06276569142286   0.69168374921742
   0.06301575393848   0.69115000508574
   0.06326581645411   0.69062237977725
   0.06351587896974   0.69010089756497
   0.06376594148537   0.68958558236284
   0.06401600400100   0.68907645772132
   0.06426606651663   0.68857354682313
   0.06451612903226   0.68807687247893
   0.06476619154789   0.68758645712311
   0.06501625406352   0.68710232280965
   0.06526631657914   0.68662449120794
   0.06551637909477   0.68615298359869
   0.06576644161040   0.68568782086996
   0.06601650412603   0.68522902351307
   0.06626656664166   0.68477661161875
   0.06651662915729   0.68433060487317
   0.06676669167292   0.68389102255411
   0.06701675418855   0.68345788352715
   0.06726681670418   0.68303120624194
   0.06751687921980   0.68261100872841
   0.06776694173543   0.68219730859321
   0.06801700425106   0.68179012301598
   0.06826706676669   0.68138946874585
   0.06851712928232   0.68099536209791
   0.06876719179795   0.68060781894968
   0.06901725431358   0.68022685473772
   0.06926731682921   0.67985248445424
   0.06951737934484   0.67948472264377
   0.06976744186047   0.67912358339983
   0.07001750437609   0.67876908036174
   0.07026756689172   0.67842122671137
   0.07051762940735   0.67808003517007
   0.07076769192298   0.67774551799547
   0.07101775443861   0.67741768697853
   0.07126781695424   0.67709655344045
   0.07151787946987   0.67678212822978
   0.07176794198550   0.67647442171947
   0.07201800450113   0.67617344380404
   0.07226806701675   0.67587920389675
   0.07251812953238   0.67559171092684
   0.07276819204801   0.67531097333685
   0.07301825456364   0.67503699907988
   0.07326831707927   0.67476979561707
   0.07351837959490   0.67450936991495
   0.07376844211053   0.67425572844299
   0.07401850462616   0.67400887717106
   0.07426856714179   0.67376882156709
   0.07451862965741   0.67353556659463
   0.07476869217304   0.67330911671057
   0.07501875468867   0.67308947586286
   0.07526881720430   0.67287664748827
   0.07551887971993   0.67267063451027
   0.07576894223556   0.67247143933683
   0.07601900475119   0.67227906385841
   0.07626906726682   0.67209350944592
   0.07651912978245   0.67191477694874
   0.07676919229807   0.67174286669281
   0.07701925481370   0.67157777847872
   0.07726931732933   0.67141951157996
   0.07751937984496   0.67126806474109
   0.07776944236059   0.67112343617603
   0.07801950487622   0.67098562356641
   0.07826956739185   0.67085462405993
   0.07851962990748   0.67073043426878
   0.07876969242311   0.67061305026819
   0.07901975493873   0.67050246759485
   0.07926981745436   0.67039868124560
   0.07951987996999   0.67030168567601
   0.07976994248562   0.67021147479906
   0.08002000500125   0.67012804198391
   0.08027006751688   0.67005138005466
   0.08052013003251   0.66998148128921
   0.08077019254814   0.66991833741812
   0.08102025506377   0.66986193962359
   0.08127031757939   0.66981227853842
   0.08152038009502   0.66976934424508
   0.08177044261065   0.66973312627479
   0.08202050512628   0.66970361360667
   0.08227056764191   0.66968079466693
   0.08252063015754   0.66966465732815
   0.08277069267317   0.66965518890855
   0.08302075518880   0.66965237617136
   0.18229557389347   0.66928457131755
   0.18254563640910   0.66790298689598
   0.18279569892473   0.66651237738005
   0.18304576144036   0.66511279414091
   0.18329582395599   0.66370428932520
   0.18354588647162   0.66228691585273
   0.18379594898725   0.66086072741420
   0.18404601150288   0.65942577846879
   0.18429607401850   0.65798212424165
   0.18454613653413   0.65652982072145
   0.18479619904976   0.65506892465778
   0.18504626156539   0.65359949355849
   0.18529632408102   0.65212158568702
   0.18554638659665   0.65063526005962
   0.18579644911228   0.64914057644255
   0.18604651162791   0.64763759534919
   0.18629657414354   0.64612637803712
   0.18654663665916   0.64460698650511
   0.18679669917479   0.64307948349007
   0.18704676169042   0.64154393246392
   0.18729682420605   0.64000039763046
   0.18754688672168   0.63844894392208
   0.18779694923731   0.63688963699653
   0.18804701175294   0.63532254323353
   0.18829707426857   0.63374772973136
   0.18854713678420   0.63216526430343
   0.18879719929982   0.63057521547473
   0.18904726181545   0.62897765247826
   0.18929732433108   0.62737264525137
   0.18954738684671   0.62576026443211
   0.18979744936234   0.62414058135543
   0.19004751187797   0.62251366804940
   0.19029757439360   0.62087959723132
   0.19054763690923   0.61923844230382
   0.19079769942486   0.61759027735087
   0.19104776194049   0.61593517713373
   0.19129782445611   0.61427321708689
   0.19154788697174   0.61260447331388
   0.19179794948737   0.61092902258312
   0.19204801200300   0.60924694232360
   0.19229807451863   0.60755831062062
   0.19254813703426   0.60586320621139
   0.19279819954989   0.60416170848061
   0.19304826206552   0.60245389745601
   0.19329832458115   0.60073985380379
   0.19354838709677   0.59901965882407
   0.19379844961240   0.59729339444621
   0.19404851212803   0.59556114322414
   0.19429857464366   0.59382298833163
   0.19454863715929   0.59207901355747
   0.19479869967492   0.59032930330059
   0.19504876219055   0.58857394256523
   0.19529882470618   0.58681301695591
   0.19554888722181   0.58504661267249
   0.19579894973743   0.58327481650504
   0.19604901225306   0.58149771582879
   0.19629907476869   0.57971539859895
   0.19654913728432   0.57792795334547
   0.19679919979995   0.57613546916784
   0.19704926231558   0.57433803572970
   0.19729932483121   0.57253574325357
   0.19754938734684   0.57072868251534
   0.19779944986247   0.56891694483891
   0.19804951237809   0.56710062209061
   0.19829957489372   0.56527980667366
   0.19854963740935   0.56345459152260
   0.19879969992498   0.56162507009759
   0.19904976244061   0.55979133637875
   0.19929982495624   0.55795348486038
   0.19954988747187   0.55611161054521
   0.19979994998750   0.55426580893851
   0.20005001250313   0.55241617604226
   0.20030007501875   0.55056280834916
   0.20055013753438   0.54870580283671
   0.20080020005001   0.54684525696116
   0.20105026256564   0.54498126865144
   0.20130032508127   0.54311393630309
   0.20155038759690   0.54124335877205
   0.20180045011253   0.53936963536852
   0.20205051262816   0.53749286585067
   0.20230057514379   0.53561315041842
   0.20255063765941   0.53373058970705
   0.20280070017504   0.53184528478089
   0.20305076269067   0.52995733712688
   0.20330082520630   0.52806684864814
   0.20355088772193   0.52617392165747
   0.20380095023756   0.52427865887084
   0.20405101275319   0.52238116340081
   0.20430107526882   0.52048153874991
   0.20455113778445   0.51857988880402
   0.20480120030008   0.51667631782570
   0.20505126281570   0.51477093044740
   0.20530132533133   0.51286383166478
   0.20555138784696   0.51095512682985
   0.20580145036259   0.50904492164420
   0.20605151287822   0.50713332215207
   0.20630157539385   0.50522043473347
   0.20655163790948   0.50330636609725
   0.20680170042511   0.50139122327410
   0.20705176294074   0.49947511360958
   0.20730182545636   0.49755814475703
   0.20755188797199   0.49564042467052
   0.20780195048762   0.49372206159771
   0.20805201300325   0.49180316407277
   0.20830207551888   0.48988384090912
   0.20855213803451   0.48796420119231
   0.20880220055014   0.48604435427269
   0.20905226306577   0.48412440975822
   0.20930232558140   0.48220447750714
   0.20955238809702   0.48028466762062
   0.20980245061265   0.47836509043545
   0.21005251312828   0.47644585651659
   0.21030257564391   0.47452707664983
   0.21055263815954   0.47260886183427
   0.21080270067517   0.47069132327490
   0.21105276319080   0.46877457237510
   0.21130282570643   0.46685872072909
   0.21155288822206   0.46494388011440
   0.21180295073768   0.46303016248429
   0.21205301325331   0.46111767996015
   0.21230307576894   0.45920654482386
   0.21255313828457   0.45729686951020
   0.21280320080020   0.45538876659911
   0.21305326331583   0.45348234880801
   0.21330332583146   0.45157772898414
   0.21355338834709   0.44967502009674
   0.21380345086272   0.44777433522935
   0.21405351337834   0.44587578757202
   0.21430357589397   0.44397949041349
   0.21455363840960   0.44208555713338
   0.21480370092523   0.44019410119437
   0.21505376344086   0.43830523613432
   0.21530382595649   0.43641907555840
   0.21555388847212   0.43453573313120
   0.21580395098775   0.43265532256883
   0.21605401350338   0.43077795763099
   0.21630407601900   0.42890375211300
   0.21655413853463   0.42703281983789
   0.21680420105026   0.42516527464840
   0.21705426356589   0.42330123039901
   0.21730432608152   0.42144080094791
   0.21755438859715   0.41958410014902
   0.21780445111278   0.41773124184396
   0.21805451362841   0.41588233985400
   0.21830457614404   0.41403750797202
   0.21855463865966   0.41219685995444
   0.21880470117529   0.41036050951317
   0.21905476369092   0.40852857030753
   0.21930482620655   0.40670115593612
   0.21955488872218   0.40487837992879
   0.21980495123781   0.40306035573847
   0.22005501375344   0.40124719673311
   0.22030507626907   0.39943901618752
   0.22055513878470   0.39763592727528
   0.22080520130033   0.39583804306055
   0.22105526381595   0.39404547649003
   0.22130532633158   0.39225834038470
   0.22155538884721   0.39047674743179
   0.22180545136284   0.38870081017654
   0.22205551387847   0.38693064101410
   0.22230557639410   0.38516635218134
   0.22255563890973   0.38340805574874
   0.22280570142536   0.38165586361219
   0.22305576394099   0.37990988748486
   0.22330582645661   0.37817023888901
   0.22355588897224   0.37643702914786
   0.22380595148787   0.37471036937744
   0.22405601400350   0.37299037047842
   0.22430607651913   0.37127714312793
   0.22455613903476   0.36957079777148
   0.22480620155039   0.36787144461474
   0.22505626406602   0.36617919361546
   0.22530632658165   0.36449415447529
   0.22555638909727   0.36281643663167
   0.22580645161290   0.36114614924968
   0.22605651412853   0.35948340121395
   0.22630657664416   0.35782830112054
   0.22655663915979   0.35618095726881
   0.22680670167542   0.35454147765337
   0.22705676419105   0.35290996995593
   0.22730682670668   0.35128654153727
   0.22755688922231   0.34967129942916
   0.22780695173793   0.34806435032628
   0.22805701425356   0.34646580057820
   0.22830707676919   0.34487575618133
   0.22855713928482   0.34329432277089
   0.22880720180045   0.34172160561292
   0.22905726431608   0.34015770959626
   0.22930732683171   0.33860273922456
   0.22955738934734   0.33705679860837
   0.22980745186297   0.33551999145710
   0.23005751437859   0.33399242107115
   0.23030757689422   0.33247419033395
   0.23055763940985   0.33096540170407
   0.23080770192548   0.32946615720734
   0.23105776444111   0.32797655842896
   0.23130782695674   0.32649670650566
   0.23155788947237   0.32502670211788
   0.23180795198800   0.32356664548194
   0.23205801450363   0.32211663634226
   0.23230807701925   0.32067677396358
   0.23255813953488   0.31924715712323
   0.23280820205051   0.31782788410338
   0.23305826456614   0.31641905268335
   0.23330832708177   0.31502076013192
   0.23355838959740   0.31363310319971
   0.23380845211303   0.31225617811148
   0.23405851462866   0.31089008055858
   0.23430857714429   0.30953490569135
   0.23455863965991   0.30819074811156
   0.23480870217554   0.30685770186489
   0.23505876469117   0.30553586043341
   0.23530882720680   0.30422531672813
   0.23555888972243   0.30292616308155
   0.23580895223806   0.30163849124024
   0.23605901475369   0.30036239235743
   0.23630907726932   0.29909795698569
   0.23655913978495   0.29784527506960
   0.23680920230058   0.29660443593843
   0.23705926481620   0.29537552829889
   0.23730932733183   0.29415864022792
   0.23755938984746   0.29295385916545
   0.23780945236309   0.29176127190727
   0.23805951487872   0.29058096459790
   0.23830957739435   0.28941302272346
   0.23855963990998   0.28825753110465
   0.23880970242561   0.28711457388971
   0.23905976494124   0.28598423454741
   0.23930982745686   0.28486659586013
   0.23955988997249   0.28376173991694
   0.23980995248812   0.28266974810670
   0.24006001500375   0.28159070111123
   0.24031007751938   0.28052467889855
   0.24056014003501   0.27947176071605
   0.24081020255064   0.27843202508382
   0.24106026506627   0.27740554978795
   0.24131032758190   0.27639241187390
   0.24156039009752   0.27539268763990
   0.24181045261315   0.27440645263038
   0.24206051512878   0.27343378162949
   0.24231057764441   0.27247474865460
   0.24256064016004   0.27152942694986
   0.24281070267567   0.27059788897988
   0.24306076519130   0.26968020642333
   0.24331082770693   0.26877645016666
   0.24356089022256   0.26788669029788
   0.24381095273818   0.26701099610033
   0.24406101525381   0.26614943604654
   0.24431107776944   0.26530207779213
   0.24456114028507   0.26446898816972
   0.24481120280070   0.26365023318295
   0.24506126531633   0.26284587800049
   0.24531132783196   0.26205598695015
   0.24556139034759   0.26128062351301
   0.24581145286322   0.26051985031758
   0.24606151537884   0.25977372913407
   0.24631157789447   0.25904232086866
   0.24656164041010   0.25832568555783
   0.24681170292573   0.25762388236279
   0.24706176544136   0.25693696956384
   0.24731182795699   0.25626500455496
   0.24756189047262   0.25560804383830
   0.24781195298825   0.25496614301879
   0.24806201550388   0.25433935679882
   0.24831207801950   0.25372773897290
   0.24856214053513   0.25313134242251
   0.24881220305076   0.25255021911082
   0.24906226556639   0.25198442007764
   0.24931232808202   0.25143399543433
   0.24956239059765   0.25089899435878
   0.24981245311328   0.25037946509050
   0.25006251562891   0.24987545492564
   0.25031257814454   0.24938701021225
   0.25056264066017   0.24891417634544
   0.25081270317579   0.24845699776268
   0.25106276569142   0.24801551793914
   0.25131282820705   0.24758977938307
   0.25156289072268   0.24717982363131
   0.25181295323831   0.24678569124474
   0.25206301575394   0.24640742180392
   0.25231307826957   0.24604505390470
   0.25256314078520   0.24569862515395
   0.25281320330083   0.24536817216527
   0.25306326581645   0.24505373055490
   0.25331332833208   0.24475533493754
   0.25356339084771   0.24447301892234
   0.25381345336334   0.24420681510892
   0.25406351587897   0.24395675508342
   0.25431357839460   0.24372286941468
   0.25456364091023   0.24350518765045
   0.25481370342586   0.24330373831363
   0.25506376594149   0.24311854889864
   0.25531382845711   0.24294964586783
   0.25556389097274   0.24279705464793
   0.25581395348837   0.24266079962661
   0.25606401600400   0.24254090414908
   0.25631407851963   0.24243739051475
   0.25656414103526   0.24235027997397
   0.25681420355089   0.24227959272487
   0.25706426606652   0.24222534791019
   0.25731432858215   0.24218756361426
   0.25756439109777   0.24216625685997
   0.25781445361340   0.24216144360590
   0.40935233808452   0.24164372110220
   0.40960240060015   0.23829968325180
   0.40985246311578   0.23495946423005
   0.41010252563141   0.23162326735710
   0.41035258814704   0.22829129593959
   0.41060265066267   0.22496375325749
   0.41085271317829   0.22164084255099
   0.41110277569392   0.21832276700729
   0.41135283820955   0.21500972974747
   0.41160290072518   0.21170193381326
   0.41185296324081   0.20839958215389
   0.41210302575644   0.20510287761288
   0.41235308827207   0.20181202291480
   0.41260315078770   0.19852722065210
   0.41285321330333   0.19524867327187
   0.41310327581895   0.19197658306260
   0.41335333833458   0.18871115214098
   0.41360340085021   0.18545258243863
   0.41385346336584   0.18220107568892
   0.41410352588147   0.17895683341366
   0.41435358839710   0.17572005690994
   0.41460365091273   0.17249094723685
   0.41485371342836   0.16926970520223
   0.41510377594399   0.16605653134948
   0.41535383845961   0.16285162594430
   0.41560390097524   0.15965518896149
   0.41585396349087   0.15646742007168
   0.41610402600650   0.15328851862816
   0.41635408852213   0.15011868365366
   0.41660415103776   0.14695811382714
   0.41685421355339   0.14380700747057
   0.41710427606902   0.14066556253580
   0.41735433858465   0.13753397659135
   0.41760440110028   0.13441244680924
   0.41785446361590   0.13130116995185
   0.41810452613153   0.12820034235877
   0.41835458864716   0.12511015993369
   0.41860465116279   0.12203081813128
   0.41885471367842   0.11896251194405
   0.41910477619405   0.11590543588935
   0.41935483870968   0.11285978399622
   0.41960490122531   0.10982574979242
   0.41985496374094   0.10680352629132
   0.42010502625656   0.10379330597896
   0.42035508877219   0.10079528080103
   0.42060515128782   0.09780964214990
   0.42085521380345   0.09483658085168
   0.42110527631908   0.09187628715328
   0.42135533883471   0.08892895070957
   0.42160540135034   0.08599476057042
   0.42185546386597   0.08307390516791
   0.42210552638160   0.08016657230349
   0.42235558889722   0.07727294913519
   0.42260565141285   0.07439322216484
   0.42285571392848   0.07152757722535
   0.42310577644411   0.06867619946797
   0.42335583895974   0.06583927334966
   0.42360590147537   0.06301698262041
   0.42385596399100   0.06020951031064
   0.42410602650663   0.05741703871859
   0.42435608902226   0.05463974939782
   0.42460615153788   0.05187782314469
   0.42485621405351   0.04913143998584
   0.42510627656914   0.04640077916580
   0.42535633908477   0.04368601913459
   0.42560640160040   0.04098733753530
   0.42585646411603   0.03830491119184
   0.42610652663166   0.03563891609662
   0.42635658914729   0.03298952739830
   0.42660665166292   0.03035691938961
   0.42685671417854   0.02774126549517
   0.42710677669417   0.02514273825941
   0.42735683920980   0.02256150933447
   0.42760690172543   0.01999774946817
   0.42785696424106   0.01745162849207
   0.42810702675669   0.01492331530949
   0.42835708927232   0.01241297788368
   0.42860715178795   0.00992078322590
   0.42885721430358   0.00744689738374
   0.42910727681920   0.00499148542930
   0.42935733933483   0.00255471144753
   0.42960740185046   0.00013673852462
   0.42985746436609  -0.00226227126364
   0.43010752688172  -0.00464215686331
   0.43035758939735  -0.00700275825384
   0.43060765191298  -0.00934391645946
   0.43085771442861  -0.01166547356056
   0.43110777694424  -0.01396727270497
   0.43135783945986  -0.01624915811922
   0.43160790197549  -0.01851097511977
   0.43185796449112  -0.02075257012408
   0.43210802700675  -0.02297379066172
   0.43235808952238  -0.02517448538538
   0.43260815203801  -0.02735450408182
   0.43285821455364  -0.02951369768275
   0.43310827706927  -0.03165191827567
   0.43335833958490  -0.03376901911462
   0.43360840210053  -0.03586485463089
   0.43385846461615  -0.03793928044365
   0.43410852713178  -0.03999215337050
   0.43435858964741  -0.04202333143800
   0.43460865216304  -0.04403267389210
   0.43485871467867  -0.04602004120849
   0.43510877719430  -0.04798529510289
   0.43535883970993  -0.04992829854130
   0.43560890222556  -0.05184891575017
   0.43585896474119  -0.05374701222643
   0.43610902725681  -0.05562245474755
   0.43635908977244  -0.05747511138147
   0.43660915228807  -0.05930485149648
   0.43685921480370  -0.06111154577099
   0.43710927731933  -0.06289506620327
   0.43735933983496  -0.06465528612106
   0.43760940235059  -0.06639208019122
   0.43785946486622  -0.06810532442911
   0.43810952738185  -0.06979489620810
   0.43835958989747  -0.07146067426885
   0.43860965241310  -0.07310253872859
   0.43885971492873  -0.07472037109030
   0.43910977744436  -0.07631405425178
   0.43935983995999  -0.07788347251471
   0.43960990247562  -0.07942851159354
   0.43985996499125  -0.08094905862440
   0.44011002750688  -0.08244500217380
   0.44036009002251  -0.08391623224736
   0.44061015253813  -0.08536264029844
   0.44086021505376  -0.08678411923657
   0.44111027756939  -0.08818056343598
   0.44136034008502  -0.08955186874387
   0.44161040260065  -0.09089793248873
   0.44186046511628  -0.09221865348846
   0.44211052763191  -0.09351393205851
   0.44236059014754  -0.09478367001980
   0.44261065266317  -0.09602777070672
   0.44286071517879  -0.09724613897486
   0.44311077769442  -0.09843868120880
   0.44336084021005  -0.09960530532972
   0.44361090272568  -0.10074592080294
   0.44386096524131  -0.10186043864537
   0.44411102775694  -0.10294877143290
   0.44436109027257  -0.10401083330763
   0.44461115278820  -0.10504653998505
   0.44486121530383  -0.10605580876115
   0.44511127781945  -0.10703855851935
   0.44536134033508  -0.10799470973745
   0.44561140285071  -0.10892418449436
   0.44586146536634  -0.10982690647683
   0.44611152788197  -0.11070280098606
   0.44636159039760  -0.11155179494415
   0.44661165291323  -0.11237381690058
   0.44686171542886  -0.11316879703843
   0.44711177794449  -0.11393666718064
   0.44736184046012  -0.11467736079611
   0.44761190297574  -0.11539081300568
   0.44786196549137  -0.11607696058805
   0.44811202800700  -0.11673574198560
   0.44836209052263  -0.11736709731005
   0.44861215303826  -0.11797096834812
   0.44886221555389  -0.11854729856695
   0.44911227806952  -0.11909603311957
   0.44936234058515  -0.11961711885014
   0.44961240310078  -0.12011050429917
   0.44986246561640  -0.12057613970857
   0.45011252813203  -0.12101397702667
   0.45036259064766  -0.12142396991305
   0.45061265316329  -0.12180607374332
   0.45086271567892  -0.12216024561383
   0.45111277819455  -0.12248644434613
   0.45136284071018  -0.12278463049152
   0.45161290322581  -0.12305476633530
   0.45186296574144  -0.12329681590109
   0.45211302825706  -0.12351074495489
   0.45236309077269  -0.12369652100913
   0.45261315328832  -0.12385411332655
   0.45286321580395  -0.12398349292405
   0.45311327831958  -0.12408463257632
   0.45336334083521  -0.12415750681948
   0.45361340335084  -0.12420209195450
   0.45386346586647  -0.12421836605060
   0.61840460115029  -0.12435469673433
   0.61865466366592  -0.12870996391742
   0.61890472618155  -0.13304735543001
   0.61915478869717  -0.13736659624474
   0.61940485121280  -0.14166741225143
   0.61965491372843  -0.14594953027514
   0.61990497624406  -0.15021267809410
   0.62015503875969  -0.15445658445758
   0.62040510127532  -0.15868097910376
   0.62065516379095  -0.16288559277754
   0.62090522630658  -0.16707015724829
   0.62115528882221  -0.17123440532753
   0.62140535133783  -0.17537807088659
   0.62165541385346  -0.17950088887423
   0.62190547636909  -0.18360259533412
   0.62215553888472  -0.18768292742239
   0.62240560140035  -0.19174162342500
   0.62265566391598  -0.19577842277517
   0.62290572643161  -0.19979306607062
   0.62315578894724  -0.20378529509088
   0.62340585146287  -0.20775485281442
   0.62365591397849  -0.21170148343583
   0.62390597649412  -0.21562493238285
   0.62415603900975  -0.21952494633337
   0.62440610152538  -0.22340127323236
   0.62465616404101  -0.22725366230873
   0.62490622655664  -0.23108186409214
   0.62515628907227  -0.23488563042970
   0.62540635158790  -0.23866471450263
   0.62565641410353  -0.24241887084285
   0.62590647661915  -0.24614785534951
   0.62615653913478  -0.24985142530536
   0.62640660165041  -0.25352933939320
   0.62665666416604  -0.25718135771206
   0.62690672668167  -0.26080724179351
   0.62715678919730  -0.26440675461773
   0.62740685171293  -0.26797966062955
   0.62765691422856  -0.27152572575446
   0.62790697674419  -0.27504471741447
   0.62815703925981  -0.27853640454391
   0.62840710177544  -0.28200055760520
   0.62865716429107  -0.28543694860440
   0.62890722680670  -0.28884535110683
   0.62915728932233  -0.29222554025252
   0.62940735183796  -0.29557729277157
   0.62965741435359  -0.29890038699943
   0.62990747686922  -0.30219460289215
   0.63015753938485  -0.30545972204140
   0.63040760190048  -0.30869552768956
   0.63065766441610  -0.31190180474461
   0.63090772693173  -0.31507833979494
   0.63115778944736  -0.31822492112412
   0.63140785196299  -0.32134133872551
   0.63165791447862  -0.32442738431679
   0.63190797699425  -0.32748285135444
   0.63215803950988  -0.33050753504802
   0.63240810202551  -0.33350123237449
   0.63265816454114  -0.33646374209226
   0.63290822705676  -0.33939486475531
   0.63315828957239  -0.34229440272708
   0.63340835208802  -0.34516216019430
   0.63365841460365  -0.34799794318075
   0.63390847711928  -0.35080155956084
   0.63415853963491  -0.35357281907315
   0.63440860215054  -0.35631153333383
   0.63465866466617  -0.35901751584989
   0.63490872718180  -0.36169058203240
   0.63515878969742  -0.36433054920957
   0.63540885221305  -0.36693723663969
   0.63565891472868  -0.36951046552402
   0.63590897724431  -0.37205005901950
   0.63615903975994  -0.37455584225139
   0.63640910227557  -0.37702764232580
   0.63665916479120  -0.37946528834204
   0.63690922730683  -0.38186861140494
   0.63715928982246  -0.38423744463700
   0.63740935233808  -0.38657162319043
   0.63765941485371  -0.38887098425906
   0.63790947736934  -0.39113536709018
   0.63815953988497  -0.39336461299619
   0.63840960240060  -0.39555856536617
   0.63865966491623  -0.39771706967733
   0.63890972743186  -0.39983997350630
   0.63915978994749  -0.40192712654035
   0.63940985246312  -0.40397838058844
   0.63965991497874  -0.40599358959214
   0.63990997749437  -0.40797260963650
   0.64016004001000  -0.40991529896068
   0.64041010252563  -0.41182151796852
   0.64066016504126  -0.41369112923900
   0.64091022755689  -0.41552399753649
   0.64116029007252  -0.41731998982096
   0.64141035258815  -0.41907897525800
   0.64166041510378  -0.42080082522872
   0.64191047761940  -0.42248541333953
   0.64216054013503  -0.42413261543179
   0.64241060265066  -0.42574230959130
   0.64266066516629  -0.42731437615767
   0.64291072768192  -0.42884869773355
   0.64316079019755  -0.43034515919377
   0.64341085271318  -0.43180364769425
   0.64366091522881  -0.43322405268085
   0.64391097774444  -0.43460626589805
   0.64416104026007  -0.43595018139752
   0.64441110277569  -0.43725569554647
   0.64466116529132  -0.43852270703601
   0.64491122780695  -0.43975111688919
   0.64516129032258  -0.44094082846902
   0.64541135283821  -0.44209174748635
   0.64566141535384  -0.44320378200749
   0.64591147786947  -0.44427684246187
   0.64616154038510  -0.44531084164936
   0.64641160290073  -0.44630569474761
   0.64666166541635  -0.44726131931913
   0.64691172793198  -0.44817763531831
   0.64716179044761  -0.44905456509822
   0.64741185296324  -0.44989203341733
   0.64766191547887  -0.45068996744601
   0.64791197799450  -0.45144829677296
   0.64816204051013  -0.45216695341146
   0.64841210302576  -0.45284587180543
   0.64866216554139  -0.45348498883541
   0.64891222805701  -0.45408424382434
   0.64916229057264  -0.45464357854322
   0.64941235308827  -0.45516293721662
   0.64966241560390  -0.45564226652799
   0.64991247811953  -0.45608151562489
   0.65016254063516  -0.45648063612403
   0.65041260315079  -0.45683958211613
   0.65066266566642  -0.45715831017071
   0.65091272818205  -0.45743677934063
   0.65116279069767  -0.45767495116655
   0.65141285321330  -0.45787278968121
   0.65166291572893  -0.45803026141354
   0.65191297824456  -0.45814733539263
   0.65216304076019  -0.45822398315155
   0.65241310327582  -0.45826017873103
   0.82345586396599  -0.46079575942308
   0.82370592648162  -0.46587662043791
   0.82395598899725  -0.47092589388299
   0.82420605151288  -0.47594325564160
   0.82445611402851  -0.48092838338822
   0.82470617654414  -0.48588095660965
   0.82495623905976  -0.49080065662620
   0.82520630157539  -0.49568716661261
   0.82545636409102  -0.50054017161899
   0.82570642660665  -0.50535935859158
   0.82595648912228  -0.51014441639346
   0.82620655163791  -0.51489503582511
   0.82645661415354  -0.51961090964485
   0.82670667666917  -0.52429173258926
   0.82695673918480  -0.52893720139333
   0.82720680170043  -0.53354701481069
   0.82745686421605  -0.53812087363352
   0.82770692673168  -0.54265848071255
   0.82795698924731  -0.54715954097677
   0.82820705176294  -0.55162376145312
   0.82845711427857  -0.55605085128602
   0.82870717679420  -0.56044052175682
   0.82895723930983  -0.56479248630305
   0.82920730182546  -0.56910646053766
   0.82945736434109  -0.57338216226803
   0.82970742685671  -0.57761931151486
   0.82995748937234  -0.58181763053105
   0.83020755188797  -0.58597684382033
   0.83045761440360  -0.59009667815576
   0.83070767691923  -0.59417686259819
   0.83095773943486  -0.59821712851452
   0.83120780195049  -0.60221720959582
   0.83145786446612  -0.60617684187537
   0.83170792698175  -0.61009576374650
   0.83195798949737  -0.61397371598032
   0.83220805201300  -0.61781044174337
   0.83245811452863  -0.62160568661499
   0.83270817704426  -0.62535919860469
   0.83295823955989  -0.62907072816930
   0.83320830207552  -0.63274002823003
   0.83345836459115  -0.63636685418929
   0.83370842710678  -0.63995096394750
   0.83395848962241  -0.64349211791962
   0.83420855213803  -0.64699007905163
   0.83445861465366  -0.65044461283684
   0.83470867716929  -0.65385548733198
   0.83495873968492  -0.65722247317323
   0.83520880220055  -0.66054534359208
   0.83545886471618  -0.66382387443097
   0.83570892723181  -0.66705784415887
   0.83595898974744  -0.67024703388661
   0.83620905226307  -0.67339122738215
   0.83645911477869  -0.67649021108563
   0.83670917729432  -0.67954377412427
   0.83695923980995  -0.68255170832709
   0.83720930232558  -0.68551380823958
   0.83745936484121  -0.68842987113800
   0.83770942735684  -0.69129969704377
   0.83795948987247  -0.69412308873748
   0.83820955238810  -0.69689985177286
   0.83845961490373  -0.69962979449053
   0.83870967741935  -0.70231272803164
   0.83895973993498  -0.70494846635125
   0.83920980245061  -0.70753682623164
   0.83945986496624  -0.71007762729538
   0.83970992748187  -0.71257069201828
   0.83995998999750  -0.71501584574212
   0.84021005251313  -0.71741291668727
   0.84046011502876  -0.71976173596503
   0.84071017754439  -0.72206213758998
   0.84096024006002  -0.72431395849191
   0.84121030257564  -0.72651703852782
   0.84146036509127  -0.72867122049355
   0.84171042760690  -0.73077635013538
   0.84196049012253  -0.73283227616132
   0.84221055263816  -0.73483885025234
   0.84246061515379  -0.73679592707333
   0.84271067766942  -0.73870336428394
   0.84296074018505  -0.74056102254920
   0.84321080270068  -0.74236876554998
   0.84346086521630  -0.74412645999326
   0.84371092773193  -0.74583397562222
   0.84396099024756  -0.74749118522613
   0.84421105276319  -0.74909796465009
   0.84446111527882  -0.75065419280453
   0.84471117779445  -0.75215975167459
   0.84496124031008  -0.75361452632927
   0.84521130282571  -0.75501840493037
   0.84546136534134  -0.75637127874131
   0.84571142785696  -0.75767304213571
   0.84596149037259  -0.75892359260581
   0.84621155288822  -0.76012283077063
   0.84646161540385  -0.76127066038406
   0.84671167791948  -0.76236698834266
   0.84696174043511  -0.76341172469329
   0.84721180295074  -0.76440478264057
   0.84746186546637  -0.76534607855411
   0.84771192798200  -0.76623553197563
   0.84796199049762  -0.76707306562574
   0.84821205301325  -0.76785860541067
   0.84846211552888  -0.76859208042873
   0.84871217804451  -0.76927342297656
   0.84896224056014  -0.76990256855525
   0.84921230307577  -0.77047945587621
   0.84946236559140  -0.77100402686684
   0.84971242810703  -0.77147622667605
   0.84996249062266  -0.77189600367951
   0.85021255313828  -0.77226330948480
   0.85046261565391  -0.77257809893623
   0.85071267816954  -0.77284033011959
   0.85096274068517  -0.77304996436660
   0.85121280320080  -0.77320696625925
   0.85146286571643  -0.77331130363385
   0.85171292823206  -0.77336294758491
